prompt,raw_predictions,predictions,prompt_type,input_size,input_price,output_size,output_price,total_price
"Provide self-contained and concrete Python values to initialize the undefined variables in the code snippet.

# begin code snippet
""""""Run `fn` to update `var` using inputs mirrored to the same devices.

    `tf.distribute.StrategyExtended.update` takes a distributed variable `var`
    to be updated, an update function `fn`, and `args` and `kwargs` for `fn`. It
    applies `fn` to each component variable of `var` and passes corresponding
    values from `args` and `kwargs`. Neither `args` nor `kwargs` may contain
    per-replica values. If they contain mirrored values, they will be unwrapped
    before calling `fn`. For example, `fn` can be `assign_add` and `args` can be
    a mirrored DistributedValues where each component contains the value to be
    added to this mirrored variable `var`. Calling `update` will call
    `assign_add` on each component variable of `var` with the corresponding
    tensor value on that device.

    Example usage:

    ```python
    strategy = tf.distribute.MirroredStrategy(['GPU:0', 'GPU:1']) # With 2
    devices
    with strategy.scope():
      v = tf.Variable(5.0, aggregation=tf.VariableAggregation.SUM)
    def update_fn(v):
      return v.assign(1.0)
    result = strategy.extended.update(v, update_fn)
    # result is
    # Mirrored:{
    #  0: tf.Tensor(1.0, shape=(), dtype=float32),
    #  1: tf.Tensor(1.0, shape=(), dtype=float32)
    # }
    ```

    If `var` is mirrored across multiple devices, then this method implements
    logic as following:

    ```python
    results = {}
    for device, v in var:
      with tf.device(device):
        # args and kwargs will be unwrapped if they are mirrored.
        results[device] = fn(v, *args, **kwargs)
    return merged(results)
    ```

    Otherwise, this method returns `fn(var, *args, **kwargs)` colocated with
    `var`.

    Args:
      var: Variable, possibly mirrored to multiple devices, to operate on.
      fn: Function to call. Should take the variable as the first argument.
      args: Tuple or list. Additional positional arguments to pass to `fn()`.
      kwargs: Dict with keyword arguments to pass to `fn()`.
      group: Boolean. Defaults to True. If False, the return value will be
        unwrapped.

    Returns:
      By default, the merged return value of `fn` across all replicas.  The
      merged result has dependencies to make sure that if it is evaluated at
      all, the side effects (updates) will happen on every replica. If instead
      ""group=False"" is specified, this function will return a nest of lists
      where each list has an element per replica, and the caller is responsible
      for ensuring all elements are executed.
    """"""
# TODO(b/178944108): Update the documentation to relfect the fact that
# `update` can be called in a replica context.
if kwargs is None:
    kwargs = {}
replica_context = distribution_strategy_context.get_replica_context()
# pylint: disable=protected-access
if (replica_context is None or replica_context is
    distribution_strategy_context._get_default_replica_context()):
    fn = autograph.tf_convert(
        fn, autograph_ctx.control_status_ctx(), convert_by_default=False)
    with self._container_strategy().scope():
        exit(self._update(var, fn, args, kwargs, group))
else:
    exit(self._replica_ctx_update(
        var, fn, args=args, kwargs=kwargs, group=group))

# end code snippet

# begin undefined variables
kwargs
distribution_strategy_context
autograph
fn
autograph_ctx
self
var
args
group
# end undefined variables

# begin undefined attributes and methods
distribution_strategy_context.get_replica_context
distribution_strategy_context._get_default_replica_context
autograph.tf_convert
autograph_ctx.control_status_ctx
self._container_strategy
self._update
self._replica_ctx_update
# end undefined attributes and methods

Respond strictly with JSON. The JSON should be compatible with the TypeScript type `Response` from the following:

```ts
interface Response {
// Python import statements needed in the initialization code. One string per import.
imports: string[];
// Python code to initialize the undefined variables and make the code snippet executable. One string per undefined variable. The statements in the code snippet above are not part of the initialization of undefined variables. Therefore, their copy or modified versions should not be added here. The values should be self-contained and concrete, i.e. without assumptions or expected replacements of any code that is not present in the code snippet. In case there are undefined attributes or methods and the attribute or method base is not initialized, initialize the attribute or method base using type(""Mock"", bases, dict), where bases is a tuple containing the base classes that the Mock object inherits from, e.g. object, and dict is a dictionary containing the initialization of the undefined attributes and methods in the code snippet.
initialization: string[];
}
```","[
    {
        ""imports"": [
            ""import tensorflow as tf"",
            ""from tensorflow.python.autograph import autograph""
        ],
        ""initialization"": [
            ""kwargs = {}"",
            ""class MockDistributionStrategyContext(object):"",
            ""    @staticmethod"",
            ""    def get_replica_context():"",
            ""        return None"",
            ""    @staticmethod"",
            ""    def _get_default_replica_context():"",
            ""        return None"",
            ""distribution_strategy_context = MockDistributionStrategyContext()"",
            ""autograph_ctx = type('Mock', (object,), {})()"",
            ""autograph_ctx.control_status_ctx = lambda: None"",
            ""fn = lambda v, x: v.assign_add(x)"",
            ""var = tf.Variable(5.0, aggregation=tf.VariableAggregation.SUM)"",
            ""args = (1.0,)"",
            ""group = True"",
            ""class MockSelf(object):"",
            ""    def _container_strategy(self):"",
            ""        return self"",
            ""    def scope(self):"",
            ""        pass"",
            ""    def _update(self, var, fn, args, kwargs, group):"",
            ""        return 'update_called'"",
            ""    def _replica_ctx_update(self, var, fn, args, kwargs, group):"",
            ""        return 'replica_ctx_update_called'"",
            ""self = MockSelf()""
        ]
    },
    {
        ""imports"": [
            ""import tensorflow as tf"",
            ""from tensorflow.python.autograph import autograph"",
            ""from tensorflow.python.distribute import distribution_strategy_context""
        ],
        ""initialization"": [
            ""kwargs = {}"",
            ""class Mock: pass"",
            ""distribution_strategy_context = Mock()"",
            ""distribution_strategy_context.get_replica_context = lambda: None"",
            ""distribution_strategy_context._get_default_replica_context = lambda: None"",
            ""autograph_ctx = Mock()"",
            ""autograph_ctx.control_status_ctx = lambda: None"",
            ""fn = lambda v, *args, **kwargs: v.assign(args[0])"",
            ""self = Mock()"",
            ""self._container_strategy = lambda: self"",
            ""self._update = lambda var, fn, args, kwargs, group: 'updated'"",
            ""self._replica_ctx_update = lambda var, fn, args, kwargs, group: 'replica updated'"",
            ""var = tf.Variable(5.0, dtype=tf.float32)"",
            ""args = [1.0]"",
            ""group = True""
        ]
    },
    {
        ""imports"": [
            ""import tensorflow as tf""
        ],
        ""initialization"": [
            ""kwargs = {}"",
            ""class MockDistributionStrategyContext: def get_replica_context(self): return None; def _get_default_replica_context(self): return None"",
            ""distribution_strategy_context = MockDistributionStrategyContext()"",
            ""class MockAutograph: @staticmethod def tf_convert(fn, ctx, convert_by_default): return fn"",
            ""autograph = MockAutograph()"",
            ""class MockAutographContext: @staticmethod def control_status_ctx(): return None"",
            ""autograph_ctx = MockAutographContext()"",
            ""class MockSelf: def _container_strategy(self): return self; def _update(self, var, fn, args, kwargs, group): return var"",
            ""def update_fn(v): return v.assign(1.0)"",
            ""self = MockSelf()"",
            ""var = tf.Variable(5.0, dtype=tf.float32)"",
            ""args = (1.0,)"",
            ""group = True"",
            ""fn = update_fn""
        ]
    },
    {
        ""imports"": [
            ""import tensorflow as tf""
        ],
        ""initialization"": [
            ""kwargs = {}"",
            ""class MockDistributionStrategyContext: \n    @staticmethod\n    def get_replica_context(): \n        return None\n    @staticmethod\n    def _get_default_replica_context(): \n        return None\n\ndistribution_strategy_context = MockDistributionStrategyContext()"",
            ""class MockAutograph: \n    @staticmethod\n    def tf_convert(fn, ctx, convert_by_default): \n        return fn\n\nautograph = MockAutograph()"",
            ""class MockAutographContext: \n    @staticmethod\n    def control_status_ctx(): \n        return None\n\nautograph_ctx = MockAutographContext()"",
            ""fn = lambda v, *args, **kwargs: v.assign_add(tf.constant(1.0))"",
            ""class MockSelf:\n    def _container_strategy(self):\n        return self\n    def _update(self, var, fn, args, kwargs, group):\n        return 'updated'  # Simulated update\n    def _replica_ctx_update(self, var, fn, args, kwargs, group):\n        return 'replica_updated'  # Simulated update for replicas\nself = MockSelf()"",
            ""var = tf.Variable(5.0, aggregation=tf.VariableAggregation.SUM)"",
            ""args = [tf.constant(0.0)]"",
            ""group = True""
        ]
    },
    {
        ""imports"": [
            ""import tensorflow as tf""
        ],
        ""initialization"": [
            ""kwargs = {}"",
            ""class MockDistributionStrategyContext(object):"",
            ""    @staticmethod"",
            ""    def get_replica_context():"",
            ""        return None"",
            ""    @staticmethod"",
            ""    def _get_default_replica_context():"",
            ""        return None"",
            ""distribution_strategy_context = MockDistributionStrategyContext()"",
            ""class MockAutograph(object):"",
            ""    @staticmethod"",
            ""    def tf_convert(fn, ctx, convert_by_default):"",
            ""        return fn"",
            ""autograph = MockAutograph()"",
            ""class MockAutographCtx(object):"",
            ""    @staticmethod"",
            ""    def control_status_ctx():"",
            ""        return None"",
            ""autograph_ctx = MockAutographCtx()"",
            ""class MockSelf(object):"",
            ""    def _container_strategy(self):"",
            ""        return self"",
            ""    def scope(self):"",
            ""        pass"",
            ""    def _update(self, var, fn, args, kwargs, group):"",
            ""        return var"",
            ""    def _replica_ctx_update(self, var, fn, args, kwargs, group):"",
            ""        return var"",
            ""self = MockSelf()"",
            ""var = tf.Variable(5.0, aggregation=tf.VariableAggregation.SUM)"",
            ""args = ()"",
            ""group = True"",
            ""fn = lambda v: v.assign(1.0)""
        ]
    },
    {
        ""imports"": [
            ""import tensorflow as tf"",
            ""from tensorflow.python.autograph import autograph"",
            ""from tensorflow.python.distribute import distribution_strategy_context""
        ],
        ""initialization"": [
            ""kwargs = {}"",
            ""class Mock: pass"",
            ""distribution_strategy_context = Mock()"",
            ""distribution_strategy_context.get_replica_context = lambda: None"",
            ""distribution_strategy_context._get_default_replica_context = lambda: None"",
            ""autograph.tf_convert = lambda fn, ctx, convert_by_default: fn"",
            ""class MockAutoGraphCtx: pass"",
            ""autograph_ctx = MockAutoGraphCtx()"",
            ""autograph_ctx.control_status_ctx = lambda: None"",
            ""class MockSelf: pass"",
            ""self = MockSelf()"",
            ""self._container_strategy = lambda: self"",
            ""self._update = lambda var, fn, args, kwargs, group: var"",
            ""self._replica_ctx_update = lambda var, fn, args, kwargs, group: var"",
            ""var = tf.Variable(0.0, dtype=tf.float32)"",
            ""args = ()"",
            ""group = True"",
            ""fn = lambda v: v.assign_add(1.0)""
        ]
    },
    {
        ""imports"": [
            ""import tensorflow as tf"",
            ""from tensorflow.python.autograph import autograph""
        ],
        ""initialization"": [
            ""kwargs = {}"",
            ""distribution_strategy_context = type('Mock', (object,), { 'get_replica_context': lambda: None, '_get_default_replica_context': lambda: None })()"",
            ""autograph_ctx = type('Mock', (object,), { 'control_status_ctx': lambda: None })()"",
            ""fn = lambda v: v.assign(v + 1.0)"",
            ""self = type('Mock', (object,), { '_container_strategy': lambda: distribution_strategy_context, '_update': lambda v, fn, args, kwargs, group: v.assign(v + 1.0), '_replica_ctx_update': lambda var, fn, args, kwargs, group: var.assign(var + 1.0) })()"",
            ""var = tf.Variable(5.0, dtype=tf.float32)"",
            ""args = (1.0,)"",
            ""group = True""
        ]
    },
    {
        ""imports"": [
            ""import tensorflow as tf""
        ],
        ""initialization"": [
            ""kwargs = {}"",
            ""distribution_strategy_context = type('Mock', (object,), {'get_replica_context': lambda: None, '_get_default_replica_context': lambda: None})()"",
            ""autograph = type('Mock', (object,), {'tf_convert': lambda fn, ctx, convert_by_default: fn})()"",
            ""autograph_ctx = type('Mock', (object,), {'control_status_ctx': lambda: None})()"",
            ""fn = lambda v, *args, **kwargs: v.assign(1.0)"",
            ""self = type('Mock', (object,), {'_container_strategy': lambda: type('Mock', (object,), {'scope': lambda: None})() ,'_update': lambda var, fn, args, kwargs, group: var, '_replica_ctx_update': lambda var, fn, args, kwargs, group: var})()"",
            ""var = tf.Variable(5.0, aggregation=tf.VariableAggregation.SUM)"",
            ""args = ()"",
            ""group = True""
        ]
    },
    {
        ""imports"": [
            ""import tensorflow as tf"",
            ""from tensorflow.python.eager import context"",
            ""from tensorflow.python.autograph import autograph""
        ],
        ""initialization"": [
            ""kwargs = {}"",
            ""distribution_strategy_context = type('Mock', (object,), {'get_replica_context': lambda: None, '_get_default_replica_context': lambda: None})()"",
            ""autograph = type('Mock', (object,), {'tf_convert': lambda fn, ctx, convert_by_default: fn})()"",
            ""fn = lambda v, *args, **kwargs: v.assign_add(1.0)"",
            ""autograph_ctx = type('Mock', (object,), {'control_status_ctx': lambda: None})()"",
            ""self = type('Mock', (object,), {'_container_strategy': lambda: type('Mock', (object,), {'scope': lambda: None})(), '_update': lambda var, fn, args, kwargs, group: var, '_replica_ctx_update': lambda var, fn, args, kwargs, group: var})()"",
            ""var = tf.Variable(5.0, dtype=tf.float32)"",
            ""args = (1.0,)"",
            ""group = True""
        ]
    },
    {
        ""imports"": [
            ""import tensorflow as tf"",
            ""from tensorflow.python.autograph import convert as autograph"",
            ""from tensorflow.python.distribute import distribution_strategy_context""
        ],
        ""initialization"": [
            ""kwargs = {}"",
            ""class Mock: pass"",
            ""distribution_strategy_context = Mock()"",
            ""distribution_strategy_context.get_replica_context = lambda: None"",
            ""distribution_strategy_context._get_default_replica_context = lambda: None"",
            ""autograph_ctx = Mock()"",
            ""autograph_ctx.control_status_ctx = lambda: None"",
            ""self = Mock()"",
            ""self._container_strategy = lambda: Mock()"",
            ""self._update = lambda var, fn, args, kwargs, group: var"",
            ""self._replica_ctx_update = lambda var, fn, args, kwargs, group: var"",
            ""fn = lambda v: v.assign(1.0)"",
            ""var = tf.Variable(5.0, aggregation=tf.VariableAggregation.SUM)"",
            ""args = ()"",
            ""group = True""
        ]
    }
]","[
    {
        ""imports"": [
            """"
        ],
        ""initialization"": [
            ""kwargs = {} # pragma: no cover"",
            ""class MockDistributionStrategyContext(object): # pragma: no cover"",
            ""    @staticmethod # pragma: no cover"",
            ""    def get_replica_context(): # pragma: no cover"",
            ""        return None # pragma: no cover"",
            ""    @staticmethod # pragma: no cover"",
            ""    def _get_default_replica_context(): # pragma: no cover"",
            ""        return None # pragma: no cover"",
            ""distribution_strategy_context = MockDistributionStrategyContext() # pragma: no cover"",
            ""autograph_ctx = type('Mock', (object,), {})() # pragma: no cover"",
            ""autograph_ctx.control_status_ctx = lambda: None # pragma: no cover"",
            ""fn = lambda v, x: v.assign_add(x) # pragma: no cover"",
            ""args = (1.0,) # pragma: no cover"",
            ""group = True # pragma: no cover"",
            ""class MockSelf(object): # pragma: no cover"",
            ""    def _container_strategy(self): # pragma: no cover"",
            ""        return self # pragma: no cover"",
            ""    def scope(self): # pragma: no cover"",
            ""        pass # pragma: no cover"",
            ""    def _update(self, var, fn, args, kwargs, group): # pragma: no cover"",
            ""        return 'update_called' # pragma: no cover"",
            ""    def _replica_ctx_update(self, var, fn, args, kwargs, group): # pragma: no cover"",
            ""        return 'replica_ctx_update_called' # pragma: no cover"",
            ""self = MockSelf() # pragma: no cover""
        ]
    },
    {
        ""imports"": [
            """"
        ],
        ""initialization"": [
            ""kwargs = {} # pragma: no cover"",
            ""class Mock: pass # pragma: no cover"",
            ""distribution_strategy_context = Mock() # pragma: no cover"",
            ""distribution_strategy_context.get_replica_context = lambda: None # pragma: no cover"",
            ""distribution_strategy_context._get_default_replica_context = lambda: None # pragma: no cover"",
            ""autograph_ctx = Mock() # pragma: no cover"",
            ""autograph_ctx.control_status_ctx = lambda: None # pragma: no cover"",
            ""fn = lambda v, *args, **kwargs: v.assign(args[0]) # pragma: no cover"",
            ""self = Mock() # pragma: no cover"",
            ""self._container_strategy = lambda: self # pragma: no cover"",
            ""self._update = lambda var, fn, args, kwargs, group: 'updated' # pragma: no cover"",
            ""self._replica_ctx_update = lambda var, fn, args, kwargs, group: 'replica updated' # pragma: no cover"",
            ""args = [1.0] # pragma: no cover"",
            ""group = True # pragma: no cover""
        ]
    },
    {
        ""imports"": [
            """"
        ],
        ""initialization"": [
            ""kwargs = {} # pragma: no cover""
        ]
    },
    {
        ""imports"": [
            """"
        ],
        ""initialization"": [
            ""kwargs = {} # pragma: no cover"",
            ""class MockDistributionStrategyContext: # pragma: no cover"",
            ""    @staticmethod# pragma: no cover"",
            ""    def get_replica_context(): # pragma: no cover"",
            ""        return None# pragma: no cover"",
            ""    @staticmethod# pragma: no cover"",
            ""    def _get_default_replica_context(): # pragma: no cover"",
            ""        return None# pragma: no cover"",
            ""# pragma: no cover"",
            ""distribution_strategy_context = MockDistributionStrategyContext() # pragma: no cover"",
            ""class MockAutograph: # pragma: no cover"",
            ""    @staticmethod# pragma: no cover"",
            ""    def tf_convert(fn, ctx, convert_by_default): # pragma: no cover"",
            ""        return fn# pragma: no cover"",
            ""# pragma: no cover"",
            ""autograph = MockAutograph() # pragma: no cover"",
            ""class MockAutographContext: # pragma: no cover"",
            ""    @staticmethod# pragma: no cover"",
            ""    def control_status_ctx(): # pragma: no cover"",
            ""        return None# pragma: no cover"",
            ""# pragma: no cover"",
            ""autograph_ctx = MockAutographContext() # pragma: no cover"",
            ""fn = lambda v, *args, **kwargs: v.assign_add(tf.constant(1.0)) # pragma: no cover"",
            ""class MockSelf:# pragma: no cover"",
            ""    def _container_strategy(self):# pragma: no cover"",
            ""        return self# pragma: no cover"",
            ""    def _update(self, var, fn, args, kwargs, group):# pragma: no cover"",
            ""        return 'updated'  # Simulated update# pragma: no cover"",
            ""    def _replica_ctx_update(self, var, fn, args, kwargs, group):# pragma: no cover"",
            ""        return 'replica_updated'  # Simulated update for replicas# pragma: no cover"",
            ""self = MockSelf() # pragma: no cover"",
            ""group = True # pragma: no cover""
        ]
    },
    {
        ""imports"": [
            """"
        ],
        ""initialization"": [
            ""kwargs = {} # pragma: no cover"",
            ""class MockDistributionStrategyContext(object): # pragma: no cover"",
            ""    @staticmethod # pragma: no cover"",
            ""    def get_replica_context(): # pragma: no cover"",
            ""        return None # pragma: no cover"",
            ""    @staticmethod # pragma: no cover"",
            ""    def _get_default_replica_context(): # pragma: no cover"",
            ""        return None # pragma: no cover"",
            ""distribution_strategy_context = MockDistributionStrategyContext() # pragma: no cover"",
            ""class MockAutograph(object): # pragma: no cover"",
            ""    @staticmethod # pragma: no cover"",
            ""    def tf_convert(fn, ctx, convert_by_default): # pragma: no cover"",
            ""        return fn # pragma: no cover"",
            ""autograph = MockAutograph() # pragma: no cover"",
            ""class MockAutographCtx(object): # pragma: no cover"",
            ""    @staticmethod # pragma: no cover"",
            ""    def control_status_ctx(): # pragma: no cover"",
            ""        return None # pragma: no cover"",
            ""autograph_ctx = MockAutographCtx() # pragma: no cover"",
            ""class MockSelf(object): # pragma: no cover"",
            ""    def _container_strategy(self): # pragma: no cover"",
            ""        return self # pragma: no cover"",
            ""    def scope(self): # pragma: no cover"",
            ""        pass # pragma: no cover"",
            ""    def _update(self, var, fn, args, kwargs, group): # pragma: no cover"",
            ""        return var # pragma: no cover"",
            ""    def _replica_ctx_update(self, var, fn, args, kwargs, group): # pragma: no cover"",
            ""        return var # pragma: no cover"",
            ""self = MockSelf() # pragma: no cover"",
            ""args = () # pragma: no cover"",
            ""group = True # pragma: no cover"",
            ""fn = lambda v: v.assign(1.0) # pragma: no cover""
        ]
    },
    {
        ""imports"": [
            """"
        ],
        ""initialization"": [
            ""kwargs = {} # pragma: no cover"",
            ""class Mock: pass # pragma: no cover"",
            ""distribution_strategy_context = Mock() # pragma: no cover"",
            ""distribution_strategy_context.get_replica_context = lambda: None # pragma: no cover"",
            ""distribution_strategy_context._get_default_replica_context = lambda: None # pragma: no cover"",
            ""class MockAutoGraphCtx: pass # pragma: no cover"",
            ""autograph_ctx = MockAutoGraphCtx() # pragma: no cover"",
            ""autograph_ctx.control_status_ctx = lambda: None # pragma: no cover"",
            ""class MockSelf: pass # pragma: no cover"",
            ""self = MockSelf() # pragma: no cover"",
            ""self._container_strategy = lambda: self # pragma: no cover"",
            ""self._update = lambda var, fn, args, kwargs, group: var # pragma: no cover"",
            ""self._replica_ctx_update = lambda var, fn, args, kwargs, group: var # pragma: no cover"",
            ""args = () # pragma: no cover"",
            ""group = True # pragma: no cover"",
            ""fn = lambda v: v.assign_add(1.0) # pragma: no cover""
        ]
    },
    {
        ""imports"": [
            """"
        ],
        ""initialization"": [
            ""kwargs = {} # pragma: no cover"",
            ""distribution_strategy_context = type('Mock', (object,), { 'get_replica_context': lambda: None, '_get_default_replica_context': lambda: None })() # pragma: no cover"",
            ""autograph_ctx = type('Mock', (object,), { 'control_status_ctx': lambda: None })() # pragma: no cover"",
            ""fn = lambda v: v.assign(v + 1.0) # pragma: no cover"",
            ""self = type('Mock', (object,), { '_container_strategy': lambda: distribution_strategy_context, '_update': lambda v, fn, args, kwargs, group: v.assign(v + 1.0), '_replica_ctx_update': lambda var, fn, args, kwargs, group: var.assign(var + 1.0) })() # pragma: no cover"",
            ""args = (1.0,) # pragma: no cover"",
            ""group = True # pragma: no cover""
        ]
    },
    {
        ""imports"": [
            """"
        ],
        ""initialization"": [
            ""kwargs = {} # pragma: no cover"",
            ""distribution_strategy_context = type('Mock', (object,), {'get_replica_context': lambda: None, '_get_default_replica_context': lambda: None})() # pragma: no cover"",
            ""autograph = type('Mock', (object,), {'tf_convert': lambda fn, ctx, convert_by_default: fn})() # pragma: no cover"",
            ""autograph_ctx = type('Mock', (object,), {'control_status_ctx': lambda: None})() # pragma: no cover"",
            ""fn = lambda v, *args, **kwargs: v.assign(1.0) # pragma: no cover"",
            ""self = type('Mock', (object,), {'_container_strategy': lambda: type('Mock', (object,), {'scope': lambda: None})() ,'_update': lambda var, fn, args, kwargs, group: var, '_replica_ctx_update': lambda var, fn, args, kwargs, group: var})() # pragma: no cover"",
            ""args = () # pragma: no cover"",
            ""group = True # pragma: no cover""
        ]
    },
    {
        ""imports"": [
            """"
        ],
        ""initialization"": [
            ""kwargs = {} # pragma: no cover"",
            ""distribution_strategy_context = type('Mock', (object,), {'get_replica_context': lambda: None, '_get_default_replica_context': lambda: None})() # pragma: no cover"",
            ""autograph = type('Mock', (object,), {'tf_convert': lambda fn, ctx, convert_by_default: fn})() # pragma: no cover"",
            ""fn = lambda v, *args, **kwargs: v.assign_add(1.0) # pragma: no cover"",
            ""autograph_ctx = type('Mock', (object,), {'control_status_ctx': lambda: None})() # pragma: no cover"",
            ""self = type('Mock', (object,), {'_container_strategy': lambda: type('Mock', (object,), {'scope': lambda: None})(), '_update': lambda var, fn, args, kwargs, group: var, '_replica_ctx_update': lambda var, fn, args, kwargs, group: var})() # pragma: no cover"",
            ""args = (1.0,) # pragma: no cover"",
            ""group = True # pragma: no cover""
        ]
    },
    {
        ""imports"": [
            """"
        ],
        ""initialization"": [
            ""kwargs = {} # pragma: no cover"",
            ""class Mock: pass # pragma: no cover"",
            ""distribution_strategy_context = Mock() # pragma: no cover"",
            ""distribution_strategy_context.get_replica_context = lambda: None # pragma: no cover"",
            ""distribution_strategy_context._get_default_replica_context = lambda: None # pragma: no cover"",
            ""autograph_ctx = Mock() # pragma: no cover"",
            ""autograph_ctx.control_status_ctx = lambda: None # pragma: no cover"",
            ""self = Mock() # pragma: no cover"",
            ""self._container_strategy = lambda: Mock() # pragma: no cover"",
            ""self._update = lambda var, fn, args, kwargs, group: var # pragma: no cover"",
            ""self._replica_ctx_update = lambda var, fn, args, kwargs, group: var # pragma: no cover"",
            ""fn = lambda v: v.assign(1.0) # pragma: no cover"",
            ""args = () # pragma: no cover"",
            ""group = True # pragma: no cover""
        ]
    }
]",1,1134,0.000567,2666,0.003999,0.004566
"When trying to execute the code snippet with the provided imports and initialization, the following error happens:
# begin error message
Execution error at line 96:
    fn = autograph.tf_convert(
NameError: name 'autograph' is not defined
# end error message

Please, provide self-contained and concrete Python fixed values of the imports and initialization to solve the error and make the code snippet executable.
Respond strictly with JSON. The JSON should be compatible with the TypeScript type `Response` from the following:

```ts
interface Response {
// Python import statements needed in the initialization code. One string per import.
imports: string[];
// Python code to initialize the undefined variables and make the code snippet executable. One string per undefined variable. The statements in the code snippet above are not part of the initialization of undefined variables. Therefore, their copy or modified versions should not be added here. The values should be self-contained and concrete, i.e. without assumptions or expected replacements of any code that is not present in the code snippet. In case there are undefined attributes or methods and the attribute or method base is not initialized, initialize the attribute or method base using type(""Mock"", bases, dict), where bases is a tuple containing the base classes that the Mock object inherits from, e.g. object, and dict is a dictionary containing the initialization of the undefined attributes and methods in the code snippet.
initialization: string[];
}
```","[
    {
        ""imports"": [
            ""import tensorflow as tf"",
            ""from tensorflow.python.autograph import autograph""
        ],
        ""initialization"": [
            ""kwargs = {}"",
            ""class MockDistributionStrategyContext(object):"",
            ""    @staticmethod"",
            ""    def get_replica_context():"",
            ""        return None"",
            ""    @staticmethod"",
            ""    def _get_default_replica_context():"",
            ""        return None"",
            ""distribution_strategy_context = MockDistributionStrategyContext()"",
            ""autograph_ctx = type('Mock', (object,), {})()"",
            ""autograph_ctx.control_status_ctx = lambda: None"",
            ""fn = lambda v, x: v.assign_add(x)"",
            ""var = tf.Variable(5.0, aggregation=tf.VariableAggregation.SUM)"",
            ""args = (1.0,)"",
            ""group = True"",
            ""class MockSelf(object):"",
            ""    def _container_strategy(self):"",
            ""        return self"",
            ""    def scope(self):"",
            ""        pass"",
            ""    def _update(self, var, fn, args, kwargs, group):"",
            ""        return 'update_called'"",
            ""    def _replica_ctx_update(self, var, fn, args, kwargs, group):"",
            ""        return 'replica_ctx_update_called'"",
            ""self = MockSelf()""
        ]
    },
    {
        ""imports"": [
            ""import tensorflow as tf"",
            ""from tensorflow.python.autograph import autograph""
        ],
        ""initialization"": [
            ""kwargs = {}"",
            ""class MockDistributionStrategyContext(object):"",
            ""    @staticmethod"",
            ""    def get_replica_context():"",
            ""        return None"",
            ""    @staticmethod"",
            ""    def _get_default_replica_context():"",
            ""        return None"",
            ""distribution_strategy_context = MockDistributionStrategyContext()"",
            ""autograph_ctx = type('Mock', (object,), {})()"",
            ""autograph_ctx.control_status_ctx = lambda: None"",
            ""fn = lambda v, x: v.assign_add(x)"",
            ""var = tf.Variable(5.0, aggregation=tf.VariableAggregation.SUM)"",
            ""args = (1.0,)"",
            ""group = True"",
            ""class MockSelf(object):"",
            ""    def _container_strategy(self):"",
            ""        return self"",
            ""    def scope(self):"",
            ""        pass"",
            ""    def _update(self, var, fn, args, kwargs, group):"",
            ""        return 'update_called'"",
            ""    def _replica_ctx_update(self, var, fn, args, kwargs, group):"",
            ""        return 'replica_ctx_update_called'"",
            ""self = MockSelf()"",
            ""autograph.tf_convert = lambda fn, ctx, convert_by_default: fn""
        ]
    },
    {
        ""imports"": [
            ""import tensorflow as tf"",
            ""from tensorflow.python.autograph import autograph""
        ],
        ""initialization"": [
            ""kwargs = {}"",
            ""class MockDistributionStrategyContext(object):"",
            ""    @staticmethod"",
            ""    def get_replica_context():"",
            ""        return None"",
            ""    @staticmethod"",
            ""    def _get_default_replica_context():"",
            ""        return None"",
            ""distribution_strategy_context = MockDistributionStrategyContext()"",
            ""autograph_ctx = type('Mock', (object,), {})()"",
            ""autograph_ctx.control_status_ctx = lambda: None"",
            ""fn = lambda v, x: v.assign_add(x)"",
            ""var = tf.Variable(5.0, aggregation=tf.VariableAggregation.SUM)"",
            ""args = (1.0,)"",
            ""group = True"",
            ""class MockSelf(object):"",
            ""    def _container_strategy(self):"",
            ""        return self"",
            ""    def scope(self):"",
            ""        pass"",
            ""    def _update(self, var, fn, args, kwargs, group):"",
            ""        return 'update_called'"",
            ""    def _replica_ctx_update(self, var, fn, args, kwargs, group):"",
            ""        return 'replica_ctx_update_called'"",
            ""self = MockSelf()""
        ]
    },
    {
        ""imports"": [
            ""import tensorflow as tf"",
            ""from tensorflow.python.autograph import autograph""
        ],
        ""initialization"": [
            ""kwargs = {}"",
            ""class MockDistributionStrategyContext(object):"",
            ""    @staticmethod"",
            ""    def get_replica_context():"",
            ""        return None"",
            ""    @staticmethod"",
            ""    def _get_default_replica_context():"",
            ""        return None"",
            ""distribution_strategy_context = MockDistributionStrategyContext()"",
            ""autograph_ctx = type('Mock', (object,), {})()"",
            ""autograph_ctx.control_status_ctx = lambda: None"",
            ""def mock_tf_convert(fn, *args, **kwargs):"",
            ""    return fn"",
            ""autograph.tf_convert = mock_tf_convert"",
            ""fn = lambda v, x: v.assign_add(x)"",
            ""var = tf.Variable(5.0, aggregation=tf.VariableAggregation.SUM)"",
            ""args = (1.0,)"",
            ""group = True"",
            ""class MockSelf(object):"",
            ""    def _container_strategy(self):"",
            ""        return self"",
            ""    def scope(self):"",
            ""        pass"",
            ""    def _update(self, var, fn, args, kwargs, group):"",
            ""        return 'update_called'"",
            ""    def _replica_ctx_update(self, var, fn, args, kwargs, group):"",
            ""        return 'replica_ctx_update_called'"",
            ""self = MockSelf()""
        ]
    },
    {
        ""imports"": [
            ""import tensorflow as tf"",
            ""from tensorflow.python.autograph import autograph""
        ],
        ""initialization"": [
            ""kwargs = {}"",
            ""class MockDistributionStrategyContext(object):"",
            ""    @staticmethod"",
            ""    def get_replica_context():"",
            ""        return None"",
            ""    @staticmethod"",
            ""    def _get_default_replica_context():"",
            ""        return None"",
            ""distribution_strategy_context = MockDistributionStrategyContext()"",
            ""autograph_ctx = type('Mock', (object,), {})()"",
            ""autograph_ctx.control_status_ctx = lambda: None"",
            ""fn = lambda v, x: v.assign_add(x)"",
            ""var = tf.Variable(5.0, aggregation=tf.VariableAggregation.SUM)"",
            ""args = (1.0,)"",
            ""group = True"",
            ""class MockSelf(object):"",
            ""    def _container_strategy(self):"",
            ""        return self"",
            ""    def scope(self):"",
            ""        pass"",
            ""    def _update(self, var, fn, args, kwargs, group):"",
            ""        return 'update_called'"",
            ""    def _replica_ctx_update(self, var, fn, args, kwargs, group):"",
            ""        return 'replica_ctx_update_called'"",
            ""self = MockSelf()"",
            ""autograph.tf_convert = lambda fn, ctx, convert_by_default: fn""
        ]
    },
    {
        ""imports"": [
            ""import tensorflow as tf"",
            ""from tensorflow.python.autograph import autograph"",
            ""from tensorflow.python.autograph import control_status_ctx""
        ],
        ""initialization"": [
            ""kwargs = {}"",
            ""class MockDistributionStrategyContext(object):"",
            ""    @staticmethod"",
            ""    def get_replica_context():"",
            ""        return None"",
            ""    @staticmethod"",
            ""    def _get_default_replica_context():"",
            ""        return None"",
            ""distribution_strategy_context = MockDistributionStrategyContext()"",
            ""autograph_ctx = type('Mock', (object,), {})()"",
            ""autograph_ctx.control_status_ctx = lambda: control_status_ctx.ControlStatus.CALLED"",
            ""fn = lambda v, x: v.assign_add(x)"",
            ""var = tf.Variable(5.0, aggregation=tf.VariableAggregation.SUM)"",
            ""args = (1.0,)"",
            ""group = True"",
            ""class MockSelf(object):"",
            ""    def _container_strategy(self):"",
            ""        return self"",
            ""    def scope(self):"",
            ""        pass"",
            ""    def _update(self, var, fn, args, kwargs, group):"",
            ""        return 'update_called'"",
            ""    def _replica_ctx_update(self, var, fn, args, kwargs, group):"",
            ""        return 'replica_ctx_update_called'"",
            ""self = MockSelf()""
        ]
    },
    {
        ""imports"": [
            ""import tensorflow as tf"",
            ""from tensorflow.python.autograph import autograph"",
            ""from tensorflow.python.autograph import control_status_ctx""
        ],
        ""initialization"": [
            ""kwargs = {}"",
            ""class MockDistributionStrategyContext(object):"",
            ""    @staticmethod"",
            ""    def get_replica_context():"",
            ""        return None"",
            ""    @staticmethod"",
            ""    def _get_default_replica_context():"",
            ""        return None"",
            ""distribution_strategy_context = MockDistributionStrategyContext()"",
            ""autograph_ctx = type('Mock', (object,), {})()"",
            ""autograph_ctx.control_status_ctx = control_status_ctx.control_status_ctx"",
            ""fn = lambda v, x: v.assign_add(x)"",
            ""var = tf.Variable(5.0, aggregation=tf.VariableAggregation.SUM)"",
            ""args = (1.0,)"",
            ""group = True"",
            ""class MockSelf(object):"",
            ""    def _container_strategy(self):"",
            ""        return self"",
            ""    def scope(self):"",
            ""        pass"",
            ""    def _update(self, var, fn, args, kwargs, group):"",
            ""        return 'update_called'"",
            ""    def _replica_ctx_update(self, var, fn, args, kwargs, group):"",
            ""        return 'replica_ctx_update_called'"",
            ""self = MockSelf()""
        ]
    },
    {
        ""imports"": [
            ""import tensorflow as tf"",
            ""from tensorflow.python.autograph import autograph""
        ],
        ""initialization"": [
            ""kwargs = {}"",
            ""class MockDistributionStrategyContext(object):"",
            ""    @staticmethod"",
            ""    def get_replica_context():"",
            ""        return None"",
            ""    @staticmethod"",
            ""    def _get_default_replica_context():"",
            ""        return None"",
            ""distribution_strategy_context = MockDistributionStrategyContext()"",
            ""autograph_ctx = type('Mock', (object,), {})()"",
            ""autograph_ctx.control_status_ctx = lambda: None"",
            ""fn = lambda v, x: v.assign_add(x)"",
            ""var = tf.Variable(5.0, aggregation=tf.VariableAggregation.SUM)"",
            ""args = (1.0,)"",
            ""group = True"",
            ""class MockSelf(object):"",
            ""    def _container_strategy(self):"",
            ""        return self"",
            ""    def scope(self):"",
            ""        pass"",
            ""    def _update(self, var, fn, args, kwargs, group):"",
            ""        return 'update_called'"",
            ""    def _replica_ctx_update(self, var, fn, args, kwargs, group):"",
            ""        return 'replica_ctx_update_called'"",
            ""self = MockSelf()""
        ]
    },
    {
        ""imports"": [
            ""import tensorflow as tf"",
            ""from tensorflow.python.autograph import autograph"",
            ""from tensorflow.python.framework import dtypes""
        ],
        ""initialization"": [
            ""kwargs = {}"",
            ""class MockDistributionStrategyContext(object):"",
            ""    @staticmethod"",
            ""    def get_replica_context():"",
            ""        return None"",
            ""    @staticmethod"",
            ""    def _get_default_replica_context():"",
            ""        return None"",
            ""distribution_strategy_context = MockDistributionStrategyContext()"",
            ""autograph_ctx = type('Mock', (object,), {})()"",
            ""autograph_ctx.control_status_ctx = lambda: None"",
            ""fn = lambda v, x: v.assign_add(x)"",
            ""var = tf.Variable(5.0, aggregation=tf.VariableAggregation.SUM)"",
            ""args = (1.0,)"",
            ""group = True"",
            ""class MockSelf(object):"",
            ""    def _container_strategy(self):"",
            ""        return self"",
            ""    def scope(self):"",
            ""        pass"",
            ""    def _update(self, var, fn, args, kwargs, group):"",
            ""        return 'update_called'"",
            ""    def _replica_ctx_update(self, var, fn, args, kwargs, group):"",
            ""        return 'replica_ctx_update_called'"",
            ""self = MockSelf()""
        ]
    },
    {
        ""imports"": [
            ""import tensorflow as tf"",
            ""from tensorflow.python.autograph import autograph"",
            ""from tensorflow.python.framework import dtypes""
        ],
        ""initialization"": [
            ""kwargs = {}"",
            ""class MockDistributionStrategyContext(object):"",
            ""    @staticmethod"",
            ""    def get_replica_context():"",
            ""        return None"",
            ""    @staticmethod"",
            ""    def _get_default_replica_context():"",
            ""        return None"",
            ""distribution_strategy_context = MockDistributionStrategyContext()"",
            ""autograph_ctx = type('Mock', (object,), {})()"",
            ""autograph_ctx.control_status_ctx = lambda: None"",
            ""def mock_tf_convert(fn, *args, **kwargs):"",
            ""    return fn"",
            ""autograph.tf_convert = mock_tf_convert"",
            ""fn = lambda v, x: v.assign_add(x)"",
            ""var = tf.Variable(5.0, aggregation=tf.VariableAggregation.SUM)"",
            ""args = (1.0,)"",
            ""group = True"",
            ""class MockSelf(object):"",
            ""    def _container_strategy(self):"",
            ""        return self"",
            ""    def scope(self):"",
            ""        pass"",
            ""    def _update(self, var, fn, args, kwargs, group):"",
            ""        return 'update_called'"",
            ""    def _replica_ctx_update(self, var, fn, args, kwargs, group):"",
            ""        return 'replica_ctx_update_called'"",
            ""self = MockSelf()""
        ]
    }
]","[
    {
        ""imports"": [
            """"
        ],
        ""initialization"": [
            ""kwargs = {} # pragma: no cover"",
            ""class MockDistributionStrategyContext(object): # pragma: no cover"",
            ""    @staticmethod # pragma: no cover"",
            ""    def get_replica_context(): # pragma: no cover"",
            ""        return None # pragma: no cover"",
            ""    @staticmethod # pragma: no cover"",
            ""    def _get_default_replica_context(): # pragma: no cover"",
            ""        return None # pragma: no cover"",
            ""distribution_strategy_context = MockDistributionStrategyContext() # pragma: no cover"",
            ""autograph_ctx = type('Mock', (object,), {})() # pragma: no cover"",
            ""autograph_ctx.control_status_ctx = lambda: None # pragma: no cover"",
            ""fn = lambda v, x: v.assign_add(x) # pragma: no cover"",
            ""args = (1.0,) # pragma: no cover"",
            ""group = True # pragma: no cover"",
            ""class MockSelf(object): # pragma: no cover"",
            ""    def _container_strategy(self): # pragma: no cover"",
            ""        return self # pragma: no cover"",
            ""    def scope(self): # pragma: no cover"",
            ""        pass # pragma: no cover"",
            ""    def _update(self, var, fn, args, kwargs, group): # pragma: no cover"",
            ""        return 'update_called' # pragma: no cover"",
            ""    def _replica_ctx_update(self, var, fn, args, kwargs, group): # pragma: no cover"",
            ""        return 'replica_ctx_update_called' # pragma: no cover"",
            ""self = MockSelf() # pragma: no cover""
        ]
    },
    {
        ""imports"": [
            """"
        ],
        ""initialization"": [
            ""kwargs = {} # pragma: no cover"",
            ""class MockDistributionStrategyContext(object): # pragma: no cover"",
            ""    @staticmethod # pragma: no cover"",
            ""    def get_replica_context(): # pragma: no cover"",
            ""        return None # pragma: no cover"",
            ""    @staticmethod # pragma: no cover"",
            ""    def _get_default_replica_context(): # pragma: no cover"",
            ""        return None # pragma: no cover"",
            ""distribution_strategy_context = MockDistributionStrategyContext() # pragma: no cover"",
            ""autograph_ctx = type('Mock', (object,), {})() # pragma: no cover"",
            ""autograph_ctx.control_status_ctx = lambda: None # pragma: no cover"",
            ""fn = lambda v, x: v.assign_add(x) # pragma: no cover"",
            ""args = (1.0,) # pragma: no cover"",
            ""group = True # pragma: no cover"",
            ""class MockSelf(object): # pragma: no cover"",
            ""    def _container_strategy(self): # pragma: no cover"",
            ""        return self # pragma: no cover"",
            ""    def scope(self): # pragma: no cover"",
            ""        pass # pragma: no cover"",
            ""    def _update(self, var, fn, args, kwargs, group): # pragma: no cover"",
            ""        return 'update_called' # pragma: no cover"",
            ""    def _replica_ctx_update(self, var, fn, args, kwargs, group): # pragma: no cover"",
            ""        return 'replica_ctx_update_called' # pragma: no cover"",
            ""self = MockSelf() # pragma: no cover""
        ]
    },
    {
        ""imports"": [
            """"
        ],
        ""initialization"": [
            ""kwargs = {} # pragma: no cover"",
            ""class MockDistributionStrategyContext(object): # pragma: no cover"",
            ""    @staticmethod # pragma: no cover"",
            ""    def get_replica_context(): # pragma: no cover"",
            ""        return None # pragma: no cover"",
            ""    @staticmethod # pragma: no cover"",
            ""    def _get_default_replica_context(): # pragma: no cover"",
            ""        return None # pragma: no cover"",
            ""distribution_strategy_context = MockDistributionStrategyContext() # pragma: no cover"",
            ""autograph_ctx = type('Mock', (object,), {})() # pragma: no cover"",
            ""autograph_ctx.control_status_ctx = lambda: None # pragma: no cover"",
            ""fn = lambda v, x: v.assign_add(x) # pragma: no cover"",
            ""args = (1.0,) # pragma: no cover"",
            ""group = True # pragma: no cover"",
            ""class MockSelf(object): # pragma: no cover"",
            ""    def _container_strategy(self): # pragma: no cover"",
            ""        return self # pragma: no cover"",
            ""    def scope(self): # pragma: no cover"",
            ""        pass # pragma: no cover"",
            ""    def _update(self, var, fn, args, kwargs, group): # pragma: no cover"",
            ""        return 'update_called' # pragma: no cover"",
            ""    def _replica_ctx_update(self, var, fn, args, kwargs, group): # pragma: no cover"",
            ""        return 'replica_ctx_update_called' # pragma: no cover"",
            ""self = MockSelf() # pragma: no cover""
        ]
    },
    {
        ""imports"": [
            """"
        ],
        ""initialization"": [
            ""kwargs = {} # pragma: no cover"",
            ""class MockDistributionStrategyContext(object): # pragma: no cover"",
            ""    @staticmethod # pragma: no cover"",
            ""    def get_replica_context(): # pragma: no cover"",
            ""        return None # pragma: no cover"",
            ""    @staticmethod # pragma: no cover"",
            ""    def _get_default_replica_context(): # pragma: no cover"",
            ""        return None # pragma: no cover"",
            ""distribution_strategy_context = MockDistributionStrategyContext() # pragma: no cover"",
            ""autograph_ctx = type('Mock', (object,), {})() # pragma: no cover"",
            ""autograph_ctx.control_status_ctx = lambda: None # pragma: no cover"",
            ""def mock_tf_convert(fn, *args, **kwargs): # pragma: no cover"",
            ""    return fn # pragma: no cover"",
            ""fn = lambda v, x: v.assign_add(x) # pragma: no cover"",
            ""args = (1.0,) # pragma: no cover"",
            ""group = True # pragma: no cover"",
            ""class MockSelf(object): # pragma: no cover"",
            ""    def _container_strategy(self): # pragma: no cover"",
            ""        return self # pragma: no cover"",
            ""    def scope(self): # pragma: no cover"",
            ""        pass # pragma: no cover"",
            ""    def _update(self, var, fn, args, kwargs, group): # pragma: no cover"",
            ""        return 'update_called' # pragma: no cover"",
            ""    def _replica_ctx_update(self, var, fn, args, kwargs, group): # pragma: no cover"",
            ""        return 'replica_ctx_update_called' # pragma: no cover"",
            ""self = MockSelf() # pragma: no cover""
        ]
    },
    {
        ""imports"": [
            """"
        ],
        ""initialization"": [
            ""kwargs = {} # pragma: no cover"",
            ""class MockDistributionStrategyContext(object): # pragma: no cover"",
            ""    @staticmethod # pragma: no cover"",
            ""    def get_replica_context(): # pragma: no cover"",
            ""        return None # pragma: no cover"",
            ""    @staticmethod # pragma: no cover"",
            ""    def _get_default_replica_context(): # pragma: no cover"",
            ""        return None # pragma: no cover"",
            ""distribution_strategy_context = MockDistributionStrategyContext() # pragma: no cover"",
            ""autograph_ctx = type('Mock', (object,), {})() # pragma: no cover"",
            ""autograph_ctx.control_status_ctx = lambda: None # pragma: no cover"",
            ""fn = lambda v, x: v.assign_add(x) # pragma: no cover"",
            ""args = (1.0,) # pragma: no cover"",
            ""group = True # pragma: no cover"",
            ""class MockSelf(object): # pragma: no cover"",
            ""    def _container_strategy(self): # pragma: no cover"",
            ""        return self # pragma: no cover"",
            ""    def scope(self): # pragma: no cover"",
            ""        pass # pragma: no cover"",
            ""    def _update(self, var, fn, args, kwargs, group): # pragma: no cover"",
            ""        return 'update_called' # pragma: no cover"",
            ""    def _replica_ctx_update(self, var, fn, args, kwargs, group): # pragma: no cover"",
            ""        return 'replica_ctx_update_called' # pragma: no cover"",
            ""self = MockSelf() # pragma: no cover""
        ]
    },
    {
        ""imports"": [
            """"
        ],
        ""initialization"": [
            ""kwargs = {} # pragma: no cover"",
            ""class MockDistributionStrategyContext(object): # pragma: no cover"",
            ""    @staticmethod # pragma: no cover"",
            ""    def get_replica_context(): # pragma: no cover"",
            ""        return None # pragma: no cover"",
            ""    @staticmethod # pragma: no cover"",
            ""    def _get_default_replica_context(): # pragma: no cover"",
            ""        return None # pragma: no cover"",
            ""distribution_strategy_context = MockDistributionStrategyContext() # pragma: no cover"",
            ""autograph_ctx = type('Mock', (object,), {})() # pragma: no cover"",
            ""autograph_ctx.control_status_ctx = lambda: control_status_ctx.ControlStatus.CALLED # pragma: no cover"",
            ""fn = lambda v, x: v.assign_add(x) # pragma: no cover"",
            ""args = (1.0,) # pragma: no cover"",
            ""group = True # pragma: no cover"",
            ""class MockSelf(object): # pragma: no cover"",
            ""    def _container_strategy(self): # pragma: no cover"",
            ""        return self # pragma: no cover"",
            ""    def scope(self): # pragma: no cover"",
            ""        pass # pragma: no cover"",
            ""    def _update(self, var, fn, args, kwargs, group): # pragma: no cover"",
            ""        return 'update_called' # pragma: no cover"",
            ""    def _replica_ctx_update(self, var, fn, args, kwargs, group): # pragma: no cover"",
            ""        return 'replica_ctx_update_called' # pragma: no cover"",
            ""self = MockSelf() # pragma: no cover""
        ]
    },
    {
        ""imports"": [
            """"
        ],
        ""initialization"": [
            ""kwargs = {} # pragma: no cover"",
            ""class MockDistributionStrategyContext(object): # pragma: no cover"",
            ""    @staticmethod # pragma: no cover"",
            ""    def get_replica_context(): # pragma: no cover"",
            ""        return None # pragma: no cover"",
            ""    @staticmethod # pragma: no cover"",
            ""    def _get_default_replica_context(): # pragma: no cover"",
            ""        return None # pragma: no cover"",
            ""distribution_strategy_context = MockDistributionStrategyContext() # pragma: no cover"",
            ""autograph_ctx = type('Mock', (object,), {})() # pragma: no cover"",
            ""fn = lambda v, x: v.assign_add(x) # pragma: no cover"",
            ""args = (1.0,) # pragma: no cover"",
            ""group = True # pragma: no cover"",
            ""class MockSelf(object): # pragma: no cover"",
            ""    def _container_strategy(self): # pragma: no cover"",
            ""        return self # pragma: no cover"",
            ""    def scope(self): # pragma: no cover"",
            ""        pass # pragma: no cover"",
            ""    def _update(self, var, fn, args, kwargs, group): # pragma: no cover"",
            ""        return 'update_called' # pragma: no cover"",
            ""    def _replica_ctx_update(self, var, fn, args, kwargs, group): # pragma: no cover"",
            ""        return 'replica_ctx_update_called' # pragma: no cover"",
            ""self = MockSelf() # pragma: no cover""
        ]
    },
    {
        ""imports"": [
            """"
        ],
        ""initialization"": [
            ""kwargs = {} # pragma: no cover"",
            ""class MockDistributionStrategyContext(object): # pragma: no cover"",
            ""    @staticmethod # pragma: no cover"",
            ""    def get_replica_context(): # pragma: no cover"",
            ""        return None # pragma: no cover"",
            ""    @staticmethod # pragma: no cover"",
            ""    def _get_default_replica_context(): # pragma: no cover"",
            ""        return None # pragma: no cover"",
            ""distribution_strategy_context = MockDistributionStrategyContext() # pragma: no cover"",
            ""autograph_ctx = type('Mock', (object,), {})() # pragma: no cover"",
            ""autograph_ctx.control_status_ctx = lambda: None # pragma: no cover"",
            ""fn = lambda v, x: v.assign_add(x) # pragma: no cover"",
            ""args = (1.0,) # pragma: no cover"",
            ""group = True # pragma: no cover"",
            ""class MockSelf(object): # pragma: no cover"",
            ""    def _container_strategy(self): # pragma: no cover"",
            ""        return self # pragma: no cover"",
            ""    def scope(self): # pragma: no cover"",
            ""        pass # pragma: no cover"",
            ""    def _update(self, var, fn, args, kwargs, group): # pragma: no cover"",
            ""        return 'update_called' # pragma: no cover"",
            ""    def _replica_ctx_update(self, var, fn, args, kwargs, group): # pragma: no cover"",
            ""        return 'replica_ctx_update_called' # pragma: no cover"",
            ""self = MockSelf() # pragma: no cover""
        ]
    },
    {
        ""imports"": [
            """"
        ],
        ""initialization"": [
            ""kwargs = {} # pragma: no cover"",
            ""class MockDistributionStrategyContext(object): # pragma: no cover"",
            ""    @staticmethod # pragma: no cover"",
            ""    def get_replica_context(): # pragma: no cover"",
            ""        return None # pragma: no cover"",
            ""    @staticmethod # pragma: no cover"",
            ""    def _get_default_replica_context(): # pragma: no cover"",
            ""        return None # pragma: no cover"",
            ""distribution_strategy_context = MockDistributionStrategyContext() # pragma: no cover"",
            ""autograph_ctx = type('Mock', (object,), {})() # pragma: no cover"",
            ""autograph_ctx.control_status_ctx = lambda: None # pragma: no cover"",
            ""fn = lambda v, x: v.assign_add(x) # pragma: no cover"",
            ""args = (1.0,) # pragma: no cover"",
            ""group = True # pragma: no cover"",
            ""class MockSelf(object): # pragma: no cover"",
            ""    def _container_strategy(self): # pragma: no cover"",
            ""        return self # pragma: no cover"",
            ""    def scope(self): # pragma: no cover"",
            ""        pass # pragma: no cover"",
            ""    def _update(self, var, fn, args, kwargs, group): # pragma: no cover"",
            ""        return 'update_called' # pragma: no cover"",
            ""    def _replica_ctx_update(self, var, fn, args, kwargs, group): # pragma: no cover"",
            ""        return 'replica_ctx_update_called' # pragma: no cover"",
            ""self = MockSelf() # pragma: no cover""
        ]
    },
    {
        ""imports"": [
            """"
        ],
        ""initialization"": [
            ""kwargs = {} # pragma: no cover"",
            ""class MockDistributionStrategyContext(object): # pragma: no cover"",
            ""    @staticmethod # pragma: no cover"",
            ""    def get_replica_context(): # pragma: no cover"",
            ""        return None # pragma: no cover"",
            ""    @staticmethod # pragma: no cover"",
            ""    def _get_default_replica_context(): # pragma: no cover"",
            ""        return None # pragma: no cover"",
            ""distribution_strategy_context = MockDistributionStrategyContext() # pragma: no cover"",
            ""autograph_ctx = type('Mock', (object,), {})() # pragma: no cover"",
            ""autograph_ctx.control_status_ctx = lambda: None # pragma: no cover"",
            ""def mock_tf_convert(fn, *args, **kwargs): # pragma: no cover"",
            ""    return fn # pragma: no cover"",
            ""fn = lambda v, x: v.assign_add(x) # pragma: no cover"",
            ""args = (1.0,) # pragma: no cover"",
            ""group = True # pragma: no cover"",
            ""class MockSelf(object): # pragma: no cover"",
            ""    def _container_strategy(self): # pragma: no cover"",
            ""        return self # pragma: no cover"",
            ""    def scope(self): # pragma: no cover"",
            ""        pass # pragma: no cover"",
            ""    def _update(self, var, fn, args, kwargs, group): # pragma: no cover"",
            ""        return 'update_called' # pragma: no cover"",
            ""    def _replica_ctx_update(self, var, fn, args, kwargs, group): # pragma: no cover"",
            ""        return 'replica_ctx_update_called' # pragma: no cover"",
            ""self = MockSelf() # pragma: no cover""
        ]
    }
]",2,1721,0.0008605,3103,0.0046545,0.005515
"When trying to execute the code snippet with the provided imports and initialization, the following error happens:
# begin error message
Execution error at line 86:
    fn = autograph.tf_convert(
NameError: name 'autograph' is not defined
# end error message

Please, provide self-contained and concrete Python fixed values of the imports and initialization to solve the error and make the code snippet executable.
Respond strictly with JSON. The JSON should be compatible with the TypeScript type `Response` from the following:

```ts
interface Response {
// Python import statements needed in the initialization code. One string per import.
imports: string[];
// Python code to initialize the undefined variables and make the code snippet executable. One string per undefined variable. The statements in the code snippet above are not part of the initialization of undefined variables. Therefore, their copy or modified versions should not be added here. The values should be self-contained and concrete, i.e. without assumptions or expected replacements of any code that is not present in the code snippet. In case there are undefined attributes or methods and the attribute or method base is not initialized, initialize the attribute or method base using type(""Mock"", bases, dict), where bases is a tuple containing the base classes that the Mock object inherits from, e.g. object, and dict is a dictionary containing the initialization of the undefined attributes and methods in the code snippet.
initialization: string[];
}
```","[
    {
        ""imports"": [
            ""import tensorflow as tf"",
            ""from tensorflow.python.autograph import autograph"",
            ""from tensorflow.python.distribute import distribution_strategy_context""
        ],
        ""initialization"": [
            ""kwargs = {}"",
            ""class Mock: pass"",
            ""distribution_strategy_context = Mock()"",
            ""distribution_strategy_context.get_replica_context = lambda: None"",
            ""distribution_strategy_context._get_default_replica_context = lambda: None"",
            ""class MockAutograph: pass"",
            ""autograph = MockAutograph()"",
            ""autograph.tf_convert = lambda fn, ctx, convert_by_default: fn"",
            ""autograph_ctx = Mock()"",
            ""autograph_ctx.control_status_ctx = lambda: None"",
            ""fn = lambda v, *args, **kwargs: v.assign_add(args[0])"",
            ""self = Mock()"",
            ""self._container_strategy = lambda: self"",
            ""self._update = lambda var, fn, args, kwargs, group: 'updated'"",
            ""self._replica_ctx_update = lambda var, fn, args, kwargs, group: 'replica updated'"",
            ""var = tf.Variable(5.0, dtype=tf.float32)"",
            ""args = [1.0]"",
            ""group = True""
        ]
    },
    {
        ""imports"": [
            ""import tensorflow as tf"",
            ""from tensorflow.python.autograph import autograph"",
            ""from tensorflow.python.distribute import distribution_strategy_context""
        ],
        ""initialization"": [
            ""kwargs = {}"",
            ""class Mock: pass"",
            ""distribution_strategy_context = Mock()"",
            ""distribution_strategy_context.get_replica_context = lambda: None"",
            ""distribution_strategy_context._get_default_replica_context = lambda: None"",
            ""autograph_ctx = Mock()"",
            ""autograph_ctx.control_status_ctx = lambda: None"",
            ""fn = lambda v, *args, **kwargs: v.assign_add(args[0])"",
            ""self = Mock()"",
            ""self._container_strategy = lambda: self"",
            ""self._update = lambda var, fn, args, kwargs, group: 'updated'"",
            ""self._replica_ctx_update = lambda var, fn, args, kwargs, group: 'replica updated'"",
            ""var = tf.Variable(5.0, dtype=tf.float32)"",
            ""args = [1.0]"",
            ""group = True""
        ]
    },
    {
        ""imports"": [
            ""import tensorflow as tf"",
            ""from tensorflow.python.autograph import autograph"",
            ""from tensorflow.python.distribute import distribution_strategy_context""
        ],
        ""initialization"": [
            ""kwargs = {}"",
            ""class MockDistributionStrategyContext(object):"",
            ""    @staticmethod"",
            ""    def get_replica_context():"",
            ""        return None"",
            ""    @staticmethod"",
            ""    def _get_default_replica_context():"",
            ""        return None"",
            ""distribution_strategy_context = MockDistributionStrategyContext()"",
            ""autograph_ctx = type('Mock', (object,), {})()"",
            ""autograph_ctx.control_status_ctx = lambda: None"",
            ""fn = lambda v, *args, **kwargs: v.assign_add(args[0])"",
            ""self = type('MockSelf', (object,), {})()"",
            ""self._container_strategy = lambda: self"",
            ""self._update = lambda var, fn, args, kwargs, group: 'update_called'"",
            ""self._replica_ctx_update = lambda var, fn, args, kwargs, group: 'replica_ctx_update_called'"",
            ""var = tf.Variable(5.0, dtype=tf.float32, aggregation=tf.VariableAggregation.SUM)"",
            ""args = (1.0,)"",
            ""group = True""
        ]
    },
    {
        ""imports"": [
            ""import tensorflow as tf"",
            ""from tensorflow.python.autograph import autograph"",
            ""from tensorflow.python.distribute import distribution_strategy_context""
        ],
        ""initialization"": [
            ""kwargs = {}"",
            ""class MockDistributionStrategyContext(object):"",
            ""    @staticmethod"",
            ""    def get_replica_context():"",
            ""        return None"",
            ""    @staticmethod"",
            ""    def _get_default_replica_context():"",
            ""        return None"",
            ""distribution_strategy_context = MockDistributionStrategyContext()"",
            ""autograph_ctx = type('Mock', (object,), {})()"",
            ""autograph_ctx.control_status_ctx = lambda: None"",
            ""def mock_tf_convert(fn, *args, **kwargs):"",
            ""    return fn"",
            ""autograph.tf_convert = mock_tf_convert"",
            ""fn = lambda v, x: v.assign_add(x)"",
            ""var = tf.Variable(5.0, aggregation=tf.VariableAggregation.SUM)"",
            ""args = (1.0,)"",
            ""group = True"",
            ""class MockSelf(object):"",
            ""    def _container_strategy(self):"",
            ""        return self"",
            ""    def scope(self):"",
            ""        pass"",
            ""    def _update(self, var, fn, args, kwargs, group):"",
            ""        return 'update_called'"",
            ""    def _replica_ctx_update(self, var, fn, args, kwargs, group):"",
            ""        return 'replica_ctx_update_called'"",
            ""self = MockSelf()""
        ]
    },
    {
        ""imports"": [
            ""import tensorflow as tf"",
            ""from tensorflow.python.autograph import autograph"",
            ""from tensorflow.python.distribute import distribution_strategy_context""
        ],
        ""initialization"": [
            ""kwargs = {}"",
            ""class MockDistributionStrategyContext(object):"",
            ""    @staticmethod"",
            ""    def get_replica_context():"",
            ""        return None"",
            ""    @staticmethod"",
            ""    def _get_default_replica_context():"",
            ""        return None"",
            ""distribution_strategy_context = MockDistributionStrategyContext()"",
            ""autograph_ctx = type('Mock', (object,), {})()"",
            ""autograph_ctx.control_status_ctx = lambda: None"",
            ""fn = lambda v, *args, **kwargs: v.assign_add(args[0])"",
            ""var = tf.Variable(5.0, dtype=tf.float32, aggregation=tf.VariableAggregation.SUM)"",
            ""args = (1.0,)"",
            ""group = True"",
            ""class MockSelf(object):"",
            ""    def _container_strategy(self):"",
            ""        return self"",
            ""    def scope(self):"",
            ""        pass"",
            ""    def _update(self, var, fn, args, kwargs, group):"",
            ""        return 'update_called'"",
            ""    def _replica_ctx_update(self, var, fn, args, kwargs, group):"",
            ""        return 'replica_ctx_update_called'"",
            ""self = MockSelf()""
        ]
    },
    {
        ""imports"": [
            ""import tensorflow as tf"",
            ""from tensorflow.python.autograph import autograph"",
            ""from tensorflow.python.distribute import distribution_strategy_context""
        ],
        ""initialization"": [
            ""kwargs = {}"",
            ""class Mock: pass"",
            ""distribution_strategy_context = Mock()"",
            ""distribution_strategy_context.get_replica_context = lambda: None"",
            ""distribution_strategy_context._get_default_replica_context = lambda: None"",
            ""autograph_ctx = Mock()"",
            ""autograph_ctx.control_status_ctx = lambda: None"",
            ""def mock_tf_convert(fn, control_status_ctx, convert_by_default):"",
            ""    return fn"",
            ""autograph.tf_convert = mock_tf_convert"",
            ""fn = lambda v, *args, **kwargs: v.assign(args[0])"",
            ""self = Mock()"",
            ""self._container_strategy = lambda: self"",
            ""self._update = lambda var, fn, args, kwargs, group: 'updated'"",
            ""self._replica_ctx_update = lambda var, fn, args, kwargs, group: 'replica updated'"",
            ""var = tf.Variable(5.0, dtype=tf.float32)"",
            ""args = [1.0]"",
            ""group = True""
        ]
    },
    {
        ""imports"": [
            ""import tensorflow as tf"",
            ""from tensorflow.python.autograph import autograph"",
            ""from tensorflow.python.distribute import distribution_strategy_context""
        ],
        ""initialization"": [
            ""kwargs = {}"",
            ""class Mock: pass"",
            ""distribution_strategy_context = Mock()"",
            ""distribution_strategy_context.get_replica_context = lambda: None"",
            ""distribution_strategy_context._get_default_replica_context = lambda: None"",
            ""autograph_ctx = Mock()"",
            ""autograph_ctx.control_status_ctx = lambda: None"",
            ""fn = lambda v, *args, **kwargs: v.assign(args[0])"",
            ""self = Mock()"",
            ""self._container_strategy = lambda: self"",
            ""self._update = lambda var, fn, args, kwargs, group: 'updated'"",
            ""self._replica_ctx_update = lambda var, fn, args, kwargs, group: 'replica updated'"",
            ""var = tf.Variable(5.0, dtype=tf.float32)"",
            ""args = [1.0]"",
            ""group = True""
        ]
    },
    {
        ""imports"": [
            ""import tensorflow as tf"",
            ""from tensorflow.python.autograph import autograph"",
            ""from tensorflow.python.autograph import control_status_ctx"",
            ""from tensorflow.python.distribute import distribution_strategy_context""
        ],
        ""initialization"": [
            ""kwargs = {}"",
            ""class MockDistributionStrategyContext(object):"",
            ""    @staticmethod"",
            ""    def get_replica_context():"",
            ""        return None"",
            ""    @staticmethod"",
            ""    def _get_default_replica_context():"",
            ""        return None"",
            ""distribution_strategy_context = MockDistributionStrategyContext()"",
            ""class MockAutographCtx(object):"",
            ""    @staticmethod"",
            ""    def control_status_ctx():"",
            ""        pass"",
            ""autograph_ctx = MockAutographCtx()"",
            ""fn = lambda v, *args, **kwargs: v.assign(args[0])"",
            ""self = type('MockSelf', (object,), {})()"",
            ""self._container_strategy = lambda: self"",
            ""self._update = lambda var, fn, args, kwargs, group: 'updated'"",
            ""self._replica_ctx_update = lambda var, fn, args, kwargs, group: 'replica updated'"",
            ""var = tf.Variable(5.0, dtype=tf.float32)"",
            ""args = [1.0]"",
            ""group = True""
        ]
    },
    {
        ""imports"": [
            ""import tensorflow as tf"",
            ""from tensorflow.python.autograph import autograph"",
            ""from tensorflow.python.distribute import distribution_strategy_context""
        ],
        ""initialization"": [
            ""kwargs = {}"",
            ""class MockDistributionStrategyContext(object):"",
            ""    @staticmethod"",
            ""    def get_replica_context():"",
            ""        return None"",
            ""    @staticmethod"",
            ""    def _get_default_replica_context():"",
            ""        return None"",
            ""distribution_strategy_context = MockDistributionStrategyContext()"",
            ""autograph_ctx = type('Mock', (object,), {})()"",
            ""autograph_ctx.control_status_ctx = lambda: None"",
            ""fn = lambda v, *args, **kwargs: v.assign(args[0])"",
            ""self = type('MockSelf', (object,), {})()"",
            ""self._container_strategy = lambda: self"",
            ""self._update = lambda var, fn, args, kwargs, group: 'updated'"",
            ""self._replica_ctx_update = lambda var, fn, args, kwargs, group: 'replica updated'"",
            ""var = tf.Variable(5.0, dtype=tf.float32)"",
            ""args = [1.0]"",
            ""group = True""
        ]
    },
    {
        ""imports"": [
            ""import tensorflow as tf"",
            ""from tensorflow.python.autograph import autograph"",
            ""from tensorflow.python.distribute import distribution_strategy_context""
        ],
        ""initialization"": [
            ""kwargs = {}"",
            ""class MockDistributionStrategyContext(object):"",
            ""    @staticmethod"",
            ""    def get_replica_context():"",
            ""        return None"",
            ""    @staticmethod"",
            ""    def _get_default_replica_context():"",
            ""        return None"",
            ""distribution_strategy_context = MockDistributionStrategyContext()"",
            ""autograph_ctx = type('Mock', (object,), {})()"",
            ""autograph_ctx.control_status_ctx = lambda: None"",
            ""fn = lambda v, *args, **kwargs: v.assign_add(args[0])"",
            ""class MockSelf(object):"",
            ""    def _container_strategy(self):"",
            ""        return self"",
            ""    def scope(self):"",
            ""        pass"",
            ""    def _update(self, var, fn, args, kwargs, group):"",
            ""        return 'update_called'"",
            ""    def _replica_ctx_update(self, var, fn, args, kwargs, group):"",
            ""        return 'replica_ctx_update_called'"",
            ""self = MockSelf()"",
            ""var = tf.Variable(5.0, dtype=tf.float32)"",
            ""args = [1.0]"",
            ""group = True""
        ]
    }
]","[
    {
        ""imports"": [
            """"
        ],
        ""initialization"": [
            ""kwargs = {} # pragma: no cover"",
            ""class Mock: pass # pragma: no cover"",
            ""distribution_strategy_context = Mock() # pragma: no cover"",
            ""distribution_strategy_context.get_replica_context = lambda: None # pragma: no cover"",
            ""distribution_strategy_context._get_default_replica_context = lambda: None # pragma: no cover"",
            ""class MockAutograph: pass # pragma: no cover"",
            ""autograph = MockAutograph() # pragma: no cover"",
            ""autograph.tf_convert = lambda fn, ctx, convert_by_default: fn # pragma: no cover"",
            ""autograph_ctx = Mock() # pragma: no cover"",
            ""autograph_ctx.control_status_ctx = lambda: None # pragma: no cover"",
            ""fn = lambda v, *args, **kwargs: v.assign_add(args[0]) # pragma: no cover"",
            ""self = Mock() # pragma: no cover"",
            ""self._container_strategy = lambda: self # pragma: no cover"",
            ""self._update = lambda var, fn, args, kwargs, group: 'updated' # pragma: no cover"",
            ""self._replica_ctx_update = lambda var, fn, args, kwargs, group: 'replica updated' # pragma: no cover"",
            ""args = [1.0] # pragma: no cover"",
            ""group = True # pragma: no cover""
        ]
    },
    {
        ""imports"": [
            """"
        ],
        ""initialization"": [
            ""kwargs = {} # pragma: no cover"",
            ""class Mock: pass # pragma: no cover"",
            ""distribution_strategy_context = Mock() # pragma: no cover"",
            ""distribution_strategy_context.get_replica_context = lambda: None # pragma: no cover"",
            ""distribution_strategy_context._get_default_replica_context = lambda: None # pragma: no cover"",
            ""autograph_ctx = Mock() # pragma: no cover"",
            ""autograph_ctx.control_status_ctx = lambda: None # pragma: no cover"",
            ""fn = lambda v, *args, **kwargs: v.assign_add(args[0]) # pragma: no cover"",
            ""self = Mock() # pragma: no cover"",
            ""self._container_strategy = lambda: self # pragma: no cover"",
            ""self._update = lambda var, fn, args, kwargs, group: 'updated' # pragma: no cover"",
            ""self._replica_ctx_update = lambda var, fn, args, kwargs, group: 'replica updated' # pragma: no cover"",
            ""args = [1.0] # pragma: no cover"",
            ""group = True # pragma: no cover""
        ]
    },
    {
        ""imports"": [
            """"
        ],
        ""initialization"": [
            ""kwargs = {} # pragma: no cover"",
            ""class MockDistributionStrategyContext(object): # pragma: no cover"",
            ""    @staticmethod # pragma: no cover"",
            ""    def get_replica_context(): # pragma: no cover"",
            ""        return None # pragma: no cover"",
            ""    @staticmethod # pragma: no cover"",
            ""    def _get_default_replica_context(): # pragma: no cover"",
            ""        return None # pragma: no cover"",
            ""distribution_strategy_context = MockDistributionStrategyContext() # pragma: no cover"",
            ""autograph_ctx = type('Mock', (object,), {})() # pragma: no cover"",
            ""autograph_ctx.control_status_ctx = lambda: None # pragma: no cover"",
            ""fn = lambda v, *args, **kwargs: v.assign_add(args[0]) # pragma: no cover"",
            ""self = type('MockSelf', (object,), {})() # pragma: no cover"",
            ""self._container_strategy = lambda: self # pragma: no cover"",
            ""self._update = lambda var, fn, args, kwargs, group: 'update_called' # pragma: no cover"",
            ""self._replica_ctx_update = lambda var, fn, args, kwargs, group: 'replica_ctx_update_called' # pragma: no cover"",
            ""args = (1.0,) # pragma: no cover"",
            ""group = True # pragma: no cover""
        ]
    },
    {
        ""imports"": [
            """"
        ],
        ""initialization"": [
            ""kwargs = {} # pragma: no cover"",
            ""class MockDistributionStrategyContext(object): # pragma: no cover"",
            ""    @staticmethod # pragma: no cover"",
            ""    def get_replica_context(): # pragma: no cover"",
            ""        return None # pragma: no cover"",
            ""    @staticmethod # pragma: no cover"",
            ""    def _get_default_replica_context(): # pragma: no cover"",
            ""        return None # pragma: no cover"",
            ""distribution_strategy_context = MockDistributionStrategyContext() # pragma: no cover"",
            ""autograph_ctx = type('Mock', (object,), {})() # pragma: no cover"",
            ""autograph_ctx.control_status_ctx = lambda: None # pragma: no cover"",
            ""def mock_tf_convert(fn, *args, **kwargs): # pragma: no cover"",
            ""    return fn # pragma: no cover"",
            ""fn = lambda v, x: v.assign_add(x) # pragma: no cover"",
            ""args = (1.0,) # pragma: no cover"",
            ""group = True # pragma: no cover"",
            ""class MockSelf(object): # pragma: no cover"",
            ""    def _container_strategy(self): # pragma: no cover"",
            ""        return self # pragma: no cover"",
            ""    def scope(self): # pragma: no cover"",
            ""        pass # pragma: no cover"",
            ""    def _update(self, var, fn, args, kwargs, group): # pragma: no cover"",
            ""        return 'update_called' # pragma: no cover"",
            ""    def _replica_ctx_update(self, var, fn, args, kwargs, group): # pragma: no cover"",
            ""        return 'replica_ctx_update_called' # pragma: no cover"",
            ""self = MockSelf() # pragma: no cover""
        ]
    },
    {
        ""imports"": [
            """"
        ],
        ""initialization"": [
            ""kwargs = {} # pragma: no cover"",
            ""class MockDistributionStrategyContext(object): # pragma: no cover"",
            ""    @staticmethod # pragma: no cover"",
            ""    def get_replica_context(): # pragma: no cover"",
            ""        return None # pragma: no cover"",
            ""    @staticmethod # pragma: no cover"",
            ""    def _get_default_replica_context(): # pragma: no cover"",
            ""        return None # pragma: no cover"",
            ""distribution_strategy_context = MockDistributionStrategyContext() # pragma: no cover"",
            ""autograph_ctx = type('Mock', (object,), {})() # pragma: no cover"",
            ""autograph_ctx.control_status_ctx = lambda: None # pragma: no cover"",
            ""fn = lambda v, *args, **kwargs: v.assign_add(args[0]) # pragma: no cover"",
            ""args = (1.0,) # pragma: no cover"",
            ""group = True # pragma: no cover"",
            ""class MockSelf(object): # pragma: no cover"",
            ""    def _container_strategy(self): # pragma: no cover"",
            ""        return self # pragma: no cover"",
            ""    def scope(self): # pragma: no cover"",
            ""        pass # pragma: no cover"",
            ""    def _update(self, var, fn, args, kwargs, group): # pragma: no cover"",
            ""        return 'update_called' # pragma: no cover"",
            ""    def _replica_ctx_update(self, var, fn, args, kwargs, group): # pragma: no cover"",
            ""        return 'replica_ctx_update_called' # pragma: no cover"",
            ""self = MockSelf() # pragma: no cover""
        ]
    },
    {
        ""imports"": [
            """"
        ],
        ""initialization"": [
            ""kwargs = {} # pragma: no cover"",
            ""class Mock: pass # pragma: no cover"",
            ""distribution_strategy_context = Mock() # pragma: no cover"",
            ""distribution_strategy_context.get_replica_context = lambda: None # pragma: no cover"",
            ""distribution_strategy_context._get_default_replica_context = lambda: None # pragma: no cover"",
            ""autograph_ctx = Mock() # pragma: no cover"",
            ""autograph_ctx.control_status_ctx = lambda: None # pragma: no cover"",
            ""def mock_tf_convert(fn, control_status_ctx, convert_by_default): # pragma: no cover"",
            ""    return fn # pragma: no cover"",
            ""fn = lambda v, *args, **kwargs: v.assign(args[0]) # pragma: no cover"",
            ""self = Mock() # pragma: no cover"",
            ""self._container_strategy = lambda: self # pragma: no cover"",
            ""self._update = lambda var, fn, args, kwargs, group: 'updated' # pragma: no cover"",
            ""self._replica_ctx_update = lambda var, fn, args, kwargs, group: 'replica updated' # pragma: no cover"",
            ""args = [1.0] # pragma: no cover"",
            ""group = True # pragma: no cover""
        ]
    },
    {
        ""imports"": [
            """"
        ],
        ""initialization"": [
            ""kwargs = {} # pragma: no cover"",
            ""class Mock: pass # pragma: no cover"",
            ""distribution_strategy_context = Mock() # pragma: no cover"",
            ""distribution_strategy_context.get_replica_context = lambda: None # pragma: no cover"",
            ""distribution_strategy_context._get_default_replica_context = lambda: None # pragma: no cover"",
            ""autograph_ctx = Mock() # pragma: no cover"",
            ""autograph_ctx.control_status_ctx = lambda: None # pragma: no cover"",
            ""fn = lambda v, *args, **kwargs: v.assign(args[0]) # pragma: no cover"",
            ""self = Mock() # pragma: no cover"",
            ""self._container_strategy = lambda: self # pragma: no cover"",
            ""self._update = lambda var, fn, args, kwargs, group: 'updated' # pragma: no cover"",
            ""self._replica_ctx_update = lambda var, fn, args, kwargs, group: 'replica updated' # pragma: no cover"",
            ""args = [1.0] # pragma: no cover"",
            ""group = True # pragma: no cover""
        ]
    },
    {
        ""imports"": [
            """"
        ],
        ""initialization"": [
            ""kwargs = {} # pragma: no cover"",
            ""class MockDistributionStrategyContext(object): # pragma: no cover"",
            ""    @staticmethod # pragma: no cover"",
            ""    def get_replica_context(): # pragma: no cover"",
            ""        return None # pragma: no cover"",
            ""    @staticmethod # pragma: no cover"",
            ""    def _get_default_replica_context(): # pragma: no cover"",
            ""        return None # pragma: no cover"",
            ""distribution_strategy_context = MockDistributionStrategyContext() # pragma: no cover"",
            ""class MockAutographCtx(object): # pragma: no cover"",
            ""    @staticmethod # pragma: no cover"",
            ""    def control_status_ctx(): # pragma: no cover"",
            ""        pass # pragma: no cover"",
            ""autograph_ctx = MockAutographCtx() # pragma: no cover"",
            ""fn = lambda v, *args, **kwargs: v.assign(args[0]) # pragma: no cover"",
            ""self = type('MockSelf', (object,), {})() # pragma: no cover"",
            ""self._container_strategy = lambda: self # pragma: no cover"",
            ""self._update = lambda var, fn, args, kwargs, group: 'updated' # pragma: no cover"",
            ""self._replica_ctx_update = lambda var, fn, args, kwargs, group: 'replica updated' # pragma: no cover"",
            ""args = [1.0] # pragma: no cover"",
            ""group = True # pragma: no cover""
        ]
    },
    {
        ""imports"": [
            """"
        ],
        ""initialization"": [
            ""kwargs = {} # pragma: no cover"",
            ""class MockDistributionStrategyContext(object): # pragma: no cover"",
            ""    @staticmethod # pragma: no cover"",
            ""    def get_replica_context(): # pragma: no cover"",
            ""        return None # pragma: no cover"",
            ""    @staticmethod # pragma: no cover"",
            ""    def _get_default_replica_context(): # pragma: no cover"",
            ""        return None # pragma: no cover"",
            ""distribution_strategy_context = MockDistributionStrategyContext() # pragma: no cover"",
            ""autograph_ctx = type('Mock', (object,), {})() # pragma: no cover"",
            ""autograph_ctx.control_status_ctx = lambda: None # pragma: no cover"",
            ""fn = lambda v, *args, **kwargs: v.assign(args[0]) # pragma: no cover"",
            ""self = type('MockSelf', (object,), {})() # pragma: no cover"",
            ""self._container_strategy = lambda: self # pragma: no cover"",
            ""self._update = lambda var, fn, args, kwargs, group: 'updated' # pragma: no cover"",
            ""self._replica_ctx_update = lambda var, fn, args, kwargs, group: 'replica updated' # pragma: no cover"",
            ""args = [1.0] # pragma: no cover"",
            ""group = True # pragma: no cover""
        ]
    },
    {
        ""imports"": [
            """"
        ],
        ""initialization"": [
            ""kwargs = {} # pragma: no cover"",
            ""class MockDistributionStrategyContext(object): # pragma: no cover"",
            ""    @staticmethod # pragma: no cover"",
            ""    def get_replica_context(): # pragma: no cover"",
            ""        return None # pragma: no cover"",
            ""    @staticmethod # pragma: no cover"",
            ""    def _get_default_replica_context(): # pragma: no cover"",
            ""        return None # pragma: no cover"",
            ""distribution_strategy_context = MockDistributionStrategyContext() # pragma: no cover"",
            ""autograph_ctx = type('Mock', (object,), {})() # pragma: no cover"",
            ""autograph_ctx.control_status_ctx = lambda: None # pragma: no cover"",
            ""fn = lambda v, *args, **kwargs: v.assign_add(args[0]) # pragma: no cover"",
            ""class MockSelf(object): # pragma: no cover"",
            ""    def _container_strategy(self): # pragma: no cover"",
            ""        return self # pragma: no cover"",
            ""    def scope(self): # pragma: no cover"",
            ""        pass # pragma: no cover"",
            ""    def _update(self, var, fn, args, kwargs, group): # pragma: no cover"",
            ""        return 'update_called' # pragma: no cover"",
            ""    def _replica_ctx_update(self, var, fn, args, kwargs, group): # pragma: no cover"",
            ""        return 'replica_ctx_update_called' # pragma: no cover"",
            ""self = MockSelf() # pragma: no cover"",
            ""args = [1.0] # pragma: no cover"",
            ""group = True # pragma: no cover""
        ]
    }
]",2,2252,0.001126,2863,0.0042945,0.0054205
"When trying to execute the code snippet with the provided imports and initialization, the following error happens:
# begin error message
Execution error at line 69:
    replica_context = distribution_strategy_context.get_replica_context()
NameError: name 'distribution_strategy_context' is not defined
# end error message

Please, provide self-contained and concrete Python fixed values of the imports and initialization to solve the error and make the code snippet executable.
Respond strictly with JSON. The JSON should be compatible with the TypeScript type `Response` from the following:

```ts
interface Response {
// Python import statements needed in the initialization code. One string per import.
imports: string[];
// Python code to initialize the undefined variables and make the code snippet executable. One string per undefined variable. The statements in the code snippet above are not part of the initialization of undefined variables. Therefore, their copy or modified versions should not be added here. The values should be self-contained and concrete, i.e. without assumptions or expected replacements of any code that is not present in the code snippet. In case there are undefined attributes or methods and the attribute or method base is not initialized, initialize the attribute or method base using type(""Mock"", bases, dict), where bases is a tuple containing the base classes that the Mock object inherits from, e.g. object, and dict is a dictionary containing the initialization of the undefined attributes and methods in the code snippet.
initialization: string[];
}
```","[
    {
        ""imports"": [
            ""import tensorflow as tf""
        ],
        ""initialization"": [
            ""kwargs = {}"",
            ""class MockDistributionStrategyContext: def get_replica_context(self): return None; def _get_default_replica_context(self): return None"",
            ""distribution_strategy_context = MockDistributionStrategyContext()"",
            ""class MockAutograph: @staticmethod def tf_convert(fn, ctx, convert_by_default): return fn"",
            ""autograph = MockAutograph()"",
            ""class MockAutographContext: @staticmethod def control_status_ctx(): return None"",
            ""autograph_ctx = MockAutographContext()"",
            ""class MockSelf: def _container_strategy(self): return self; def _update(self, var, fn, args, kwargs, group): return var; def _replica_ctx_update(self, var, fn, args, kwargs, group): return var"",
            ""self = MockSelf()"",
            ""var = tf.Variable(5.0, dtype=tf.float32)"",
            ""args = (1.0,)"",
            ""group = True"",
            ""fn = lambda v, *args: v.assign(args[0])""
        ]
    },
    {
        ""imports"": [
            ""import tensorflow as tf""
        ],
        ""initialization"": [
            ""kwargs = {}"",
            ""class MockDistributionStrategyContext: def get_replica_context(self): return None; def _get_default_replica_context(self): return None"",
            ""distribution_strategy_context = MockDistributionStrategyContext()"",
            ""class MockAutograph: @staticmethod def tf_convert(fn, ctx, convert_by_default): return fn"",
            ""autograph = MockAutograph()"",
            ""class MockAutographContext: @staticmethod def control_status_ctx(): return None"",
            ""autograph_ctx = MockAutographContext()"",
            ""class MockSelf: def _container_strategy(self): return self; def _update(self, var, fn, args, kwargs, group): return var"",
            ""def update_fn(v): return v.assign(1.0)"",
            ""self = MockSelf()"",
            ""var = tf.Variable(5.0, dtype=tf.float32)"",
            ""args = (1.0,)"",
            ""group = True"",
            ""fn = update_fn""
        ]
    },
    {
        ""imports"": [
            ""import tensorflow as tf""
        ],
        ""initialization"": [
            ""kwargs = {}"",
            ""class MockDistributionStrategyContext: def get_replica_context(self): return None; def _get_default_replica_context(self): return None"",
            ""distribution_strategy_context = MockDistributionStrategyContext()"",
            ""class MockAutograph: @staticmethod def tf_convert(fn, ctx, convert_by_default): return fn"",
            ""autograph = MockAutograph()"",
            ""class MockAutographContext: @staticmethod def control_status_ctx(): return None"",
            ""autograph_ctx = MockAutographContext()"",
            ""class MockSelf: def _container_strategy(self): return self; def _update(self, var, fn, args, kwargs, group): return var; def _replica_ctx_update(self, var, fn, args, kwargs, group): return var"",
            ""self = MockSelf()"",
            ""var = tf.Variable(5.0, dtype=tf.float32)"",
            ""args = (1.0,)"",
            ""group = True"",
            ""fn = lambda v: v.assign(1.0)""
        ]
    },
    {
        ""imports"": [
            ""import tensorflow as tf""
        ],
        ""initialization"": [
            ""kwargs = {}"",
            ""class MockDistributionStrategyContext: "",
            ""    def get_replica_context(self): return None"",
            ""    def _get_default_replica_context(self): return None"",
            ""distribution_strategy_context = MockDistributionStrategyContext()"",
            ""class MockAutograph: "",
            ""    @staticmethod"",
            ""    def tf_convert(fn, ctx, convert_by_default): return fn"",
            ""autograph = MockAutograph()"",
            ""class MockAutographContext: "",
            ""    @staticmethod"",
            ""    def control_status_ctx(): return None"",
            ""autograph_ctx = MockAutographContext()"",
            ""class MockSelf: "",
            ""    def _container_strategy(self): return self"",
            ""    def _update(self, var, fn, args, kwargs, group): return var"",
            ""    def _replica_ctx_update(self, var, fn, args, kwargs, group): return var"",
            ""self = MockSelf()"",
            ""var = tf.Variable(5.0, dtype=tf.float32)"",
            ""args = (1.0,)"",
            ""group = True"",
            ""def update_fn(v): return v.assign(1.0)"",
            ""fn = update_fn""
        ]
    },
    {
        ""imports"": [
            ""import tensorflow as tf""
        ],
        ""initialization"": [
            ""kwargs = {}"",
            ""class MockDistributionStrategyContext: def get_replica_context(self): return None; def _get_default_replica_context(self): return None"",
            ""distribution_strategy_context = MockDistributionStrategyContext()"",
            ""class MockAutograph: @staticmethod def tf_convert(fn, ctx, convert_by_default): return fn"",
            ""autograph = MockAutograph()"",
            ""class MockAutographContext: @staticmethod def control_status_ctx(): return None"",
            ""autograph_ctx = MockAutographContext()"",
            ""class MockSelf: def _container_strategy(self): return self; def _update(self, var, fn, args, kwargs, group): return var; def _replica_ctx_update(self, var, fn, args, kwargs, group): return var"",
            ""self = MockSelf()"",
            ""var = tf.Variable(5.0, dtype=tf.float32)"",
            ""args = (1.0,)"",
            ""group = True"",
            ""fn = lambda v: v.assign(1.0)""
        ]
    },
    {
        ""imports"": [
            ""import tensorflow as tf""
        ],
        ""initialization"": [
            ""kwargs = {}"",
            ""class MockDistributionStrategyContext: def get_replica_context(self): return None; def _get_default_replica_context(self): return None"",
            ""distribution_strategy_context = MockDistributionStrategyContext()"",
            ""class MockAutograph: @staticmethod def tf_convert(fn, ctx, convert_by_default): return fn"",
            ""autograph = MockAutograph()"",
            ""class MockAutographContext: @staticmethod def control_status_ctx(): return None"",
            ""autograph_ctx = MockAutographContext()"",
            ""class MockSelf: def _container_strategy(self): return self; def _update(self, var, fn, args, kwargs, group): return var.assign_add(args[0]); def _replica_ctx_update(self, var, fn, args, kwargs, group): return var.assign_add(args[0])"",
            ""self = MockSelf()"",
            ""var = tf.Variable(5.0, dtype=tf.float32)"",
            ""args = (1.0,)"",
            ""group = True"",
            ""fn = lambda v, *args, **kwargs: v.assign(args[0])""
        ]
    },
    {
        ""imports"": [
            ""import tensorflow as tf""
        ],
        ""initialization"": [
            ""kwargs = {}"",
            ""class MockDistributionStrategyContext: def get_replica_context(self): return None; def _get_default_replica_context(self): return None"",
            ""distribution_strategy_context = MockDistributionStrategyContext()"",
            ""class MockAutograph: @staticmethod def tf_convert(fn, ctx, convert_by_default): return fn"",
            ""autograph = MockAutograph()"",
            ""class MockAutographContext: @staticmethod def control_status_ctx(): return None"",
            ""autograph_ctx = MockAutographContext()"",
            ""class MockSelf: def _container_strategy(self): return self; def _update(self, var, fn, args, kwargs, group): return var; def _replica_ctx_update(self, var, fn, args, kwargs, group): return var"",
            ""self = MockSelf()"",
            ""var = tf.Variable(5.0, dtype=tf.float32)"",
            ""args = (1.0,)"",
            ""group = True"",
            ""def update_fn(v): return v.assign(1.0)"",
            ""fn = update_fn""
        ]
    },
    {
        ""imports"": [
            ""import tensorflow as tf""
        ],
        ""initialization"": [
            ""kwargs = {}"",
            ""class MockDistributionStrategyContext:"",
            ""    def get_replica_context(self):"",
            ""        return None"",
            ""    def _get_default_replica_context(self):"",
            ""        return None"",
            ""distribution_strategy_context = MockDistributionStrategyContext()"",
            ""class MockAutograph:"",
            ""    @staticmethod"",
            ""    def tf_convert(fn, ctx, convert_by_default):"",
            ""        return fn"",
            ""autograph = MockAutograph()"",
            ""class MockAutographContext:"",
            ""    @staticmethod"",
            ""    def control_status_ctx():"",
            ""        return None"",
            ""autograph_ctx = MockAutographContext()"",
            ""class MockSelf:"",
            ""    def _container_strategy(self):"",
            ""        return self"",
            ""    def _update(self, var, fn, args, kwargs, group):"",
            ""        return 'updated'"",
            ""    def _replica_ctx_update(self, var, fn, args, kwargs, group):"",
            ""        return 'replica updated'"",
            ""self = MockSelf()"",
            ""var = tf.Variable(5.0, dtype=tf.float32)"",
            ""args = (1.0,)"",
            ""group = True"",
            ""fn = lambda v, x: v.assign_add(x)""
        ]
    },
    {
        ""imports"": [
            ""import tensorflow as tf""
        ],
        ""initialization"": [
            ""kwargs = {}"",
            ""class MockDistributionStrategyContext: def get_replica_context(self): return None; def _get_default_replica_context(self): return None"",
            ""distribution_strategy_context = MockDistributionStrategyContext()"",
            ""class MockAutograph: @staticmethod def tf_convert(fn, ctx, convert_by_default): return fn"",
            ""autograph = MockAutograph()"",
            ""class MockAutographContext: @staticmethod def control_status_ctx(): return None"",
            ""autograph_ctx = MockAutographContext()"",
            ""class MockSelf: def _container_strategy(self): return self; def _update(self, var, fn, args, kwargs, group): return var.assign(args[0]); def _replica_ctx_update(self, var, fn, args, kwargs, group): return var.assign(args[0])"",
            ""self = MockSelf()"",
            ""var = tf.Variable(5.0, dtype=tf.float32)"",
            ""args = (1.0,)"",
            ""group = True"",
            ""fn = lambda v: v.assign(1.0)""
        ]
    },
    {
        ""imports"": [
            ""import tensorflow as tf""
        ],
        ""initialization"": [
            ""kwargs = {}"",
            ""class MockDistributionStrategyContext:"",
            ""    def get_replica_context(self): return None"",
            ""    def _get_default_replica_context(self): return None"",
            ""distribution_strategy_context = MockDistributionStrategyContext()"",
            ""class MockAutograph:"",
            ""    @staticmethod"",
            ""    def tf_convert(fn, ctx, convert_by_default): return fn"",
            ""autograph = MockAutograph()"",
            ""class MockAutographContext:"",
            ""    @staticmethod"",
            ""    def control_status_ctx(): return None"",
            ""autograph_ctx = MockAutographContext()"",
            ""class MockSelf:"",
            ""    def _container_strategy(self): return self"",
            ""    def scope(self): pass"",
            ""    def _update(self, var, fn, args, kwargs, group): return var.assign(args[0])"",
            ""    def _replica_ctx_update(self, var, fn, args, kwargs, group): return var.assign(args[0])"",
            ""self = MockSelf()"",
            ""var = tf.Variable(5.0, dtype=tf.float32)"",
            ""args = (1.0,)"",
            ""group = True"",
            ""fn = lambda v: v.assign(1.0)""
        ]
    }
]","[
    {
        ""imports"": [
            """"
        ],
        ""initialization"": [
            ""kwargs = {} # pragma: no cover""
        ]
    },
    {
        ""imports"": [
            """"
        ],
        ""initialization"": [
            ""kwargs = {} # pragma: no cover""
        ]
    },
    {
        ""imports"": [
            """"
        ],
        ""initialization"": [
            ""kwargs = {} # pragma: no cover""
        ]
    },
    {
        ""imports"": [
            """"
        ],
        ""initialization"": [
            ""kwargs = {} # pragma: no cover"",
            ""class MockDistributionStrategyContext:  # pragma: no cover"",
            ""    def get_replica_context(self): return None # pragma: no cover"",
            ""    def _get_default_replica_context(self): return None # pragma: no cover"",
            ""distribution_strategy_context = MockDistributionStrategyContext() # pragma: no cover"",
            ""class MockAutograph:  # pragma: no cover"",
            ""    @staticmethod # pragma: no cover"",
            ""    def tf_convert(fn, ctx, convert_by_default): return fn # pragma: no cover"",
            ""autograph = MockAutograph() # pragma: no cover"",
            ""class MockAutographContext:  # pragma: no cover"",
            ""    @staticmethod # pragma: no cover"",
            ""    def control_status_ctx(): return None # pragma: no cover"",
            ""autograph_ctx = MockAutographContext() # pragma: no cover"",
            ""class MockSelf:  # pragma: no cover"",
            ""    def _container_strategy(self): return self # pragma: no cover"",
            ""    def _update(self, var, fn, args, kwargs, group): return var # pragma: no cover"",
            ""    def _replica_ctx_update(self, var, fn, args, kwargs, group): return var # pragma: no cover"",
            ""self = MockSelf() # pragma: no cover"",
            ""args = (1.0,) # pragma: no cover"",
            ""group = True # pragma: no cover"",
            ""def update_fn(v): return v.assign(1.0) # pragma: no cover"",
            ""fn = update_fn # pragma: no cover""
        ]
    },
    {
        ""imports"": [
            """"
        ],
        ""initialization"": [
            ""kwargs = {} # pragma: no cover""
        ]
    },
    {
        ""imports"": [
            """"
        ],
        ""initialization"": [
            ""kwargs = {} # pragma: no cover""
        ]
    },
    {
        ""imports"": [
            """"
        ],
        ""initialization"": [
            ""kwargs = {} # pragma: no cover""
        ]
    },
    {
        ""imports"": [
            """"
        ],
        ""initialization"": [
            ""kwargs = {} # pragma: no cover"",
            ""class MockDistributionStrategyContext: # pragma: no cover"",
            ""    def get_replica_context(self): # pragma: no cover"",
            ""        return None # pragma: no cover"",
            ""    def _get_default_replica_context(self): # pragma: no cover"",
            ""        return None # pragma: no cover"",
            ""distribution_strategy_context = MockDistributionStrategyContext() # pragma: no cover"",
            ""class MockAutograph: # pragma: no cover"",
            ""    @staticmethod # pragma: no cover"",
            ""    def tf_convert(fn, ctx, convert_by_default): # pragma: no cover"",
            ""        return fn # pragma: no cover"",
            ""autograph = MockAutograph() # pragma: no cover"",
            ""class MockAutographContext: # pragma: no cover"",
            ""    @staticmethod # pragma: no cover"",
            ""    def control_status_ctx(): # pragma: no cover"",
            ""        return None # pragma: no cover"",
            ""autograph_ctx = MockAutographContext() # pragma: no cover"",
            ""class MockSelf: # pragma: no cover"",
            ""    def _container_strategy(self): # pragma: no cover"",
            ""        return self # pragma: no cover"",
            ""    def _update(self, var, fn, args, kwargs, group): # pragma: no cover"",
            ""        return 'updated' # pragma: no cover"",
            ""    def _replica_ctx_update(self, var, fn, args, kwargs, group): # pragma: no cover"",
            ""        return 'replica updated' # pragma: no cover"",
            ""self = MockSelf() # pragma: no cover"",
            ""args = (1.0,) # pragma: no cover"",
            ""group = True # pragma: no cover"",
            ""fn = lambda v, x: v.assign_add(x) # pragma: no cover""
        ]
    },
    {
        ""imports"": [
            """"
        ],
        ""initialization"": [
            ""kwargs = {} # pragma: no cover""
        ]
    },
    {
        ""imports"": [
            """"
        ],
        ""initialization"": [
            ""kwargs = {} # pragma: no cover"",
            ""class MockDistributionStrategyContext: # pragma: no cover"",
            ""    def get_replica_context(self): return None # pragma: no cover"",
            ""    def _get_default_replica_context(self): return None # pragma: no cover"",
            ""distribution_strategy_context = MockDistributionStrategyContext() # pragma: no cover"",
            ""class MockAutograph: # pragma: no cover"",
            ""    @staticmethod # pragma: no cover"",
            ""    def tf_convert(fn, ctx, convert_by_default): return fn # pragma: no cover"",
            ""autograph = MockAutograph() # pragma: no cover"",
            ""class MockAutographContext: # pragma: no cover"",
            ""    @staticmethod # pragma: no cover"",
            ""    def control_status_ctx(): return None # pragma: no cover"",
            ""autograph_ctx = MockAutographContext() # pragma: no cover"",
            ""class MockSelf: # pragma: no cover"",
            ""    def _container_strategy(self): return self # pragma: no cover"",
            ""    def scope(self): pass # pragma: no cover"",
            ""    def _update(self, var, fn, args, kwargs, group): return var.assign(args[0]) # pragma: no cover"",
            ""    def _replica_ctx_update(self, var, fn, args, kwargs, group): return var.assign(args[0]) # pragma: no cover"",
            ""self = MockSelf() # pragma: no cover"",
            ""args = (1.0,) # pragma: no cover"",
            ""group = True # pragma: no cover"",
            ""fn = lambda v: v.assign(1.0) # pragma: no cover""
        ]
    }
]",2,2784,0.001392,2653,0.0039795,0.0053715
"When trying to execute the code snippet with the provided imports and initialization, the following error happens:
# begin error message
Execution error at line 106:
    with self._container_strategy().scope():
AttributeError: 'MockSelf' object has no attribute 'scope'
# end error message

Please, provide self-contained and concrete Python fixed values of the imports and initialization to solve the error and make the code snippet executable.
Respond strictly with JSON. The JSON should be compatible with the TypeScript type `Response` from the following:

```ts
interface Response {
// Python import statements needed in the initialization code. One string per import.
imports: string[];
// Python code to initialize the undefined variables and make the code snippet executable. One string per undefined variable. The statements in the code snippet above are not part of the initialization of undefined variables. Therefore, their copy or modified versions should not be added here. The values should be self-contained and concrete, i.e. without assumptions or expected replacements of any code that is not present in the code snippet. In case there are undefined attributes or methods and the attribute or method base is not initialized, initialize the attribute or method base using type(""Mock"", bases, dict), where bases is a tuple containing the base classes that the Mock object inherits from, e.g. object, and dict is a dictionary containing the initialization of the undefined attributes and methods in the code snippet.
initialization: string[];
}
```","[
    {
        ""imports"": [
            ""import tensorflow as tf""
        ],
        ""initialization"": [
            ""kwargs = {}"",
            ""class MockDistributionStrategyContext: \n    @staticmethod\n    def get_replica_context(): \n        return None\n    @staticmethod\n    def _get_default_replica_context(): \n        return None\n\ndistribution_strategy_context = MockDistributionStrategyContext()"",
            ""class MockAutograph: \n    @staticmethod\n    def tf_convert(fn, ctx, convert_by_default): \n        return fn\n\nautograph = MockAutograph()"",
            ""class MockAutographContext: \n    @staticmethod\n    def control_status_ctx(): \n        return None\n\nautograph_ctx = MockAutographContext()"",
            ""fn = lambda v, *args, **kwargs: v.assign_add(tf.constant(1.0))"",
            ""class MockSelf:\n    def _container_strategy(self):\n        return self\n    def scope(self):\n        pass\n    def _update(self, var, fn, args, kwargs, group):\n        return 'updated'  # Simulated update\n    def _replica_ctx_update(self, var, fn, args, kwargs, group):\n        return 'replica_updated'  # Simulated update for replicas\nself = MockSelf()"",
            ""var = tf.Variable(5.0, aggregation=tf.VariableAggregation.SUM)"",
            ""args = [tf.constant(0.0)]"",
            ""group = True""
        ]
    },
    {
        ""imports"": [
            ""import tensorflow as tf""
        ],
        ""initialization"": [
            ""kwargs = {}"",
            ""class MockDistributionStrategyContext: \n    @staticmethod\n    def get_replica_context(): \n        return None\n    @staticmethod\n    def _get_default_replica_context(): \n        return None\n\ndistribution_strategy_context = MockDistributionStrategyContext()"",
            ""class MockAutograph: \n    @staticmethod\n    def tf_convert(fn, ctx, convert_by_default): \n        return fn\n\nautograph = MockAutograph()"",
            ""class MockAutographContext: \n    @staticmethod\n    def control_status_ctx(): \n        return None\n\nautograph_ctx = MockAutographContext()"",
            ""fn = lambda v, *args, **kwargs: v.assign_add(tf.constant(1.0))"",
            ""class MockSelf:\n    def _container_strategy(self):\n        return self\n    def scope(self):\n        pass\n    def _update(self, var, fn, args, kwargs, group):\n        return 'updated'  # Simulated update\n    def _replica_ctx_update(self, var, fn, args, kwargs, group):\n        return 'replica_updated'  # Simulated update for replicas\nself = MockSelf()"",
            ""var = tf.Variable(5.0, aggregation=tf.VariableAggregation.SUM)"",
            ""args = [1.0]"",
            ""group = True""
        ]
    },
    {
        ""imports"": [
            ""import tensorflow as tf""
        ],
        ""initialization"": [
            ""kwargs = {}"",
            ""class MockDistributionStrategyContext: \n    @staticmethod\n    def get_replica_context(): \n        return None\n    @staticmethod\n    def _get_default_replica_context(): \n        return None\n\ndistribution_strategy_context = MockDistributionStrategyContext()"",
            ""class MockAutograph: \n    @staticmethod\n    def tf_convert(fn, ctx, convert_by_default): \n        return fn\n\nautograph = MockAutograph()"",
            ""class MockAutographContext: \n    @staticmethod\n    def control_status_ctx(): \n        return None\n\nautograph_ctx = MockAutographContext()"",
            ""fn = lambda v, *args, **kwargs: v.assign_add(tf.constant(1.0))"",
            ""class MockSelf:\n    def _container_strategy(self):\n        return self\n    def scope(self):\n        pass  # Simulating a scope method\n    def _update(self, var, fn, args, kwargs, group):\n        return 'updated'  # Simulated update\n    def _replica_ctx_update(self, var, fn, args, kwargs, group):\n        return 'replica_updated'  # Simulated update for replicas\nself = MockSelf()"",
            ""var = tf.Variable(5.0, aggregation=tf.VariableAggregation.SUM)"",
            ""args = [tf.constant(0.0)]"",
            ""group = True""
        ]
    },
    {
        ""imports"": [
            ""import tensorflow as tf""
        ],
        ""initialization"": [
            ""kwargs = {}"",
            ""class MockDistributionStrategyContext:\n    @staticmethod\n    def get_replica_context():\n        return None\n    @staticmethod\n    def _get_default_replica_context():\n        return None\n\ndistribution_strategy_context = MockDistributionStrategyContext()"",
            ""class MockAutograph:\n    @staticmethod\n    def tf_convert(fn, ctx, convert_by_default):\n        return fn\n\nautograph = MockAutograph()"",
            ""class MockAutographContext:\n    @staticmethod\n    def control_status_ctx():\n        return None\n\nautograph_ctx = MockAutographContext()"",
            ""fn = lambda v, *args, **kwargs: v.assign_add(tf.constant(1.0))"",
            ""class MockSelf:\n    def _container_strategy(self):\n        return self\n    def scope(self):\n        pass\n    def _update(self, var, fn, args, kwargs, group):\n        return 'updated'  # Simulated update\n    def _replica_ctx_update(self, var, fn, args, kwargs, group):\n        return 'replica_updated'  # Simulated update for replicas\nself = MockSelf()"",
            ""var = tf.Variable(5.0, aggregation=tf.VariableAggregation.SUM, dtype=tf.float32)"",
            ""args = [1.0]"",
            ""group = True""
        ]
    },
    {
        ""imports"": [
            ""import tensorflow as tf""
        ],
        ""initialization"": [
            ""kwargs = {}"",
            ""class MockDistributionStrategyContext: \n    @staticmethod\n    def get_replica_context(): \n        return None\n    @staticmethod\n    def _get_default_replica_context(): \n        return None\n\ndistribution_strategy_context = MockDistributionStrategyContext()"",
            ""class MockAutograph: \n    @staticmethod\n    def tf_convert(fn, ctx, convert_by_default): \n        return fn\n\nautograph = MockAutograph()"",
            ""class MockAutographContext: \n    @staticmethod\n    def control_status_ctx(): \n        return None\n\nautograph_ctx = MockAutographContext()"",
            ""fn = lambda v, *args, **kwargs: v.assign_add(tf.constant(1.0))"",
            ""class MockContainerStrategy: \n    def scope(self): \n        return self\n"",
            ""class MockSelf:\n    def _container_strategy(self):\n        return MockContainerStrategy()\n    def _update(self, var, fn, args, kwargs, group):\n        return 'updated'  # Simulated update\n    def _replica_ctx_update(self, var, fn, args, kwargs, group):\n        return 'replica_updated'  # Simulated update for replicas\nself = MockSelf()"",
            ""var = tf.Variable(5.0, aggregation=tf.VariableAggregation.SUM)"",
            ""args = [tf.constant(1.0)]"",
            ""group = True""
        ]
    },
    {
        ""imports"": [
            ""import tensorflow as tf""
        ],
        ""initialization"": [
            ""kwargs = {}"",
            ""class MockDistributionStrategyContext: \n    @staticmethod\n    def get_replica_context(): \n        return None\n    @staticmethod\n    def _get_default_replica_context(): \n        return None\n\ndistribution_strategy_context = MockDistributionStrategyContext()"",
            ""class MockAutograph: \n    @staticmethod\n    def tf_convert(fn, ctx, convert_by_default): \n        return fn\n\nautograph = MockAutograph()"",
            ""class MockAutographContext: \n    @staticmethod\n    def control_status_ctx(): \n        return None\n\nautograph_ctx = MockAutographContext()"",
            ""def update_fn(v): return v.assign(1.0)"",
            ""class MockScope: \n    def __enter__(self): pass\n    def __exit__(self, exc_type, exc_value, traceback): pass\nclass MockSelf:\n    def _container_strategy(self):\n        return self\n    def scope(self):\n        return MockScope()\n    def _update(self, var, fn, args, kwargs, group):\n        return 'updated'  # Simulated update\n    def _replica_ctx_update(self, var, fn, args, kwargs, group):\n        return 'replica_updated'  # Simulated update for replicas\nself = MockSelf()"",
            ""var = tf.Variable(5.0, aggregation=tf.VariableAggregation.SUM)"",
            ""args = [1.0]"",
            ""group = True"",
            ""fn = update_fn""
        ]
    },
    {
        ""imports"": [
            ""import tensorflow as tf""
        ],
        ""initialization"": [
            ""kwargs = {}"",
            ""class MockDistributionStrategyContext:\n    @staticmethod\n    def get_replica_context():\n        return None\n    @staticmethod\n    def _get_default_replica_context():\n        return None\n\ndistribution_strategy_context = MockDistributionStrategyContext()"",
            ""class MockAutograph:\n    @staticmethod\n    def tf_convert(fn, ctx, convert_by_default):\n        return fn\n\nautograph = MockAutograph()"",
            ""class MockAutographContext:\n    @staticmethod\n    def control_status_ctx():\n        return None\n\nautograph_ctx = MockAutographContext()"",
            ""fn = lambda v, *args, **kwargs: v.assign_add(tf.constant(args[0]))"",
            ""class MockSelf:\n    def _container_strategy(self):\n        return self\n    def scope(self):\n        pass\n    def _update(self, var, fn, args, kwargs, group):\n        return 'updated'  # Simulated update\n    def _replica_ctx_update(self, var, fn, args, kwargs, group):\n        return 'replica_updated'  # Simulated update for replicas\nself = MockSelf()"",
            ""var = tf.Variable(5.0, aggregation=tf.VariableAggregation.SUM)"",
            ""args = [1.0]"",
            ""group = True""
        ]
    },
    {
        ""imports"": [
            ""import tensorflow as tf""
        ],
        ""initialization"": [
            ""kwargs = {}"",
            ""class MockDistributionStrategyContext: \n    @staticmethod\n    def get_replica_context(): \n        return None\n    @staticmethod\n    def _get_default_replica_context(): \n        return None\n\ndistribution_strategy_context = MockDistributionStrategyContext()"",
            ""class MockAutograph: \n    @staticmethod\n    def tf_convert(fn, ctx, convert_by_default): \n        return fn\n\nautograph = MockAutograph()"",
            ""class MockAutographContext: \n    @staticmethod\n    def control_status_ctx(): \n        return None\n\nautograph_ctx = MockAutographContext()"",
            ""fn = lambda v, *args, **kwargs: v.assign_add(tf.constant(args[0]))"",
            ""class MockSelf:\n    def _container_strategy(self):\n        return self\n    def scope(self):\n        pass  # Simulated scope\n    def _update(self, var, fn, args, kwargs, group):\n        return 'updated'  # Simulated update\n    def _replica_ctx_update(self, var, fn, args, kwargs, group):\n        return 'replica_updated'  # Simulated update for replicas\nself = MockSelf()"",
            ""var = tf.Variable(5.0, aggregation=tf.VariableAggregation.SUM)"",
            ""args = [1.0]"",
            ""group = True""
        ]
    },
    {
        ""imports"": [
            ""import tensorflow as tf""
        ],
        ""initialization"": [
            ""kwargs = {}"",
            ""class MockDistributionStrategyContext: \n    @staticmethod\n    def get_replica_context(): \n        return None\n    @staticmethod\n    def _get_default_replica_context(): \n        return None\n\ndistribution_strategy_context = MockDistributionStrategyContext()"",
            ""class MockAutograph: \n    @staticmethod\n    def tf_convert(fn, ctx, convert_by_default): \n        return fn\n\nautograph = MockAutograph()"",
            ""class MockAutographContext: \n    @staticmethod\n    def control_status_ctx(): \n        return None\n\nautograph_ctx = MockAutographContext()"",
            ""def mock_scope(): pass"",
            ""class MockContainerStrategy: def scope(self): return mock_scope"",
            ""class MockSelf:\n    def _container_strategy(self):\n        return MockContainerStrategy()\n    def _update(self, var, fn, args, kwargs, group):\n        return 'updated'  # Simulated update\n    def _replica_ctx_update(self, var, fn, args, kwargs, group):\n        return 'replica_updated'  # Simulated update for replicas\nself = MockSelf()"",
            ""var = tf.Variable(5.0, aggregation=tf.VariableAggregation.SUM)"",
            ""args = [tf.constant(1.0)]"",
            ""group = True"",
            ""fn = lambda v, *args, **kwargs: v.assign_add(args[0])""
        ]
    },
    {
        ""imports"": [
            ""import tensorflow as tf""
        ],
        ""initialization"": [
            ""kwargs = {}"",
            ""class MockDistributionStrategyContext: \n    @staticmethod\n    def get_replica_context(): \n        return None\n    @staticmethod\n    def _get_default_replica_context(): \n        return None\n\ndistribution_strategy_context = MockDistributionStrategyContext()"",
            ""class MockAutograph: \n    @staticmethod\n    def tf_convert(fn, ctx, convert_by_default): \n        return fn\n\nautograph = MockAutograph()"",
            ""class MockAutographContext: \n    @staticmethod\n    def control_status_ctx(): \n        return None\n\nautograph_ctx = MockAutographContext()"",
            ""fn = lambda v, *args, **kwargs: v.assign_add(tf.constant(1.0))"",
            ""class MockContainerStrategy: \n    def scope(self): \n        pass  # Simulating the scope context\n\n    def __call__(self): \n        return self\n"",
            ""class MockSelf:\n    def _container_strategy(self):\n        return MockContainerStrategy()  # Returning an instance of the mocked strategy\n    def _update(self, var, fn, args, kwargs, group):\n        return 'updated'  # Simulated update\n    def _replica_ctx_update(self, var, fn, args, kwargs, group):\n        return 'replica_updated'  # Simulated update for replicas\nself = MockSelf()"",
            ""var = tf.Variable(5.0, aggregation=tf.VariableAggregation.SUM)"",
            ""args = [tf.constant(1.0)]"",
            ""group = True""
        ]
    }
]","[
    {
        ""imports"": [
            """"
        ],
        ""initialization"": [
            ""kwargs = {} # pragma: no cover"",
            ""class MockDistributionStrategyContext: # pragma: no cover"",
            ""    @staticmethod# pragma: no cover"",
            ""    def get_replica_context(): # pragma: no cover"",
            ""        return None# pragma: no cover"",
            ""    @staticmethod# pragma: no cover"",
            ""    def _get_default_replica_context(): # pragma: no cover"",
            ""        return None# pragma: no cover"",
            ""# pragma: no cover"",
            ""distribution_strategy_context = MockDistributionStrategyContext() # pragma: no cover"",
            ""class MockAutograph: # pragma: no cover"",
            ""    @staticmethod# pragma: no cover"",
            ""    def tf_convert(fn, ctx, convert_by_default): # pragma: no cover"",
            ""        return fn# pragma: no cover"",
            ""# pragma: no cover"",
            ""autograph = MockAutograph() # pragma: no cover"",
            ""class MockAutographContext: # pragma: no cover"",
            ""    @staticmethod# pragma: no cover"",
            ""    def control_status_ctx(): # pragma: no cover"",
            ""        return None# pragma: no cover"",
            ""# pragma: no cover"",
            ""autograph_ctx = MockAutographContext() # pragma: no cover"",
            ""fn = lambda v, *args, **kwargs: v.assign_add(tf.constant(1.0)) # pragma: no cover"",
            ""class MockSelf:# pragma: no cover"",
            ""    def _container_strategy(self):# pragma: no cover"",
            ""        return self# pragma: no cover"",
            ""    def scope(self):# pragma: no cover"",
            ""        pass# pragma: no cover"",
            ""    def _update(self, var, fn, args, kwargs, group):# pragma: no cover"",
            ""        return 'updated'  # Simulated update# pragma: no cover"",
            ""    def _replica_ctx_update(self, var, fn, args, kwargs, group):# pragma: no cover"",
            ""        return 'replica_updated'  # Simulated update for replicas# pragma: no cover"",
            ""self = MockSelf() # pragma: no cover"",
            ""group = True # pragma: no cover""
        ]
    },
    {
        ""imports"": [
            """"
        ],
        ""initialization"": [
            ""kwargs = {} # pragma: no cover"",
            ""class MockDistributionStrategyContext: # pragma: no cover"",
            ""    @staticmethod# pragma: no cover"",
            ""    def get_replica_context(): # pragma: no cover"",
            ""        return None# pragma: no cover"",
            ""    @staticmethod# pragma: no cover"",
            ""    def _get_default_replica_context(): # pragma: no cover"",
            ""        return None# pragma: no cover"",
            ""# pragma: no cover"",
            ""distribution_strategy_context = MockDistributionStrategyContext() # pragma: no cover"",
            ""class MockAutograph: # pragma: no cover"",
            ""    @staticmethod# pragma: no cover"",
            ""    def tf_convert(fn, ctx, convert_by_default): # pragma: no cover"",
            ""        return fn# pragma: no cover"",
            ""# pragma: no cover"",
            ""autograph = MockAutograph() # pragma: no cover"",
            ""class MockAutographContext: # pragma: no cover"",
            ""    @staticmethod# pragma: no cover"",
            ""    def control_status_ctx(): # pragma: no cover"",
            ""        return None# pragma: no cover"",
            ""# pragma: no cover"",
            ""autograph_ctx = MockAutographContext() # pragma: no cover"",
            ""fn = lambda v, *args, **kwargs: v.assign_add(tf.constant(1.0)) # pragma: no cover"",
            ""class MockSelf:# pragma: no cover"",
            ""    def _container_strategy(self):# pragma: no cover"",
            ""        return self# pragma: no cover"",
            ""    def scope(self):# pragma: no cover"",
            ""        pass# pragma: no cover"",
            ""    def _update(self, var, fn, args, kwargs, group):# pragma: no cover"",
            ""        return 'updated'  # Simulated update# pragma: no cover"",
            ""    def _replica_ctx_update(self, var, fn, args, kwargs, group):# pragma: no cover"",
            ""        return 'replica_updated'  # Simulated update for replicas# pragma: no cover"",
            ""self = MockSelf() # pragma: no cover"",
            ""args = [1.0] # pragma: no cover"",
            ""group = True # pragma: no cover""
        ]
    },
    {
        ""imports"": [
            """"
        ],
        ""initialization"": [
            ""kwargs = {} # pragma: no cover"",
            ""class MockDistributionStrategyContext: # pragma: no cover"",
            ""    @staticmethod# pragma: no cover"",
            ""    def get_replica_context(): # pragma: no cover"",
            ""        return None# pragma: no cover"",
            ""    @staticmethod# pragma: no cover"",
            ""    def _get_default_replica_context(): # pragma: no cover"",
            ""        return None# pragma: no cover"",
            ""# pragma: no cover"",
            ""distribution_strategy_context = MockDistributionStrategyContext() # pragma: no cover"",
            ""class MockAutograph: # pragma: no cover"",
            ""    @staticmethod# pragma: no cover"",
            ""    def tf_convert(fn, ctx, convert_by_default): # pragma: no cover"",
            ""        return fn# pragma: no cover"",
            ""# pragma: no cover"",
            ""autograph = MockAutograph() # pragma: no cover"",
            ""class MockAutographContext: # pragma: no cover"",
            ""    @staticmethod# pragma: no cover"",
            ""    def control_status_ctx(): # pragma: no cover"",
            ""        return None# pragma: no cover"",
            ""# pragma: no cover"",
            ""autograph_ctx = MockAutographContext() # pragma: no cover"",
            ""fn = lambda v, *args, **kwargs: v.assign_add(tf.constant(1.0)) # pragma: no cover"",
            ""class MockSelf:# pragma: no cover"",
            ""    def _container_strategy(self):# pragma: no cover"",
            ""        return self# pragma: no cover"",
            ""    def scope(self):# pragma: no cover"",
            ""        pass  # Simulating a scope method# pragma: no cover"",
            ""    def _update(self, var, fn, args, kwargs, group):# pragma: no cover"",
            ""        return 'updated'  # Simulated update# pragma: no cover"",
            ""    def _replica_ctx_update(self, var, fn, args, kwargs, group):# pragma: no cover"",
            ""        return 'replica_updated'  # Simulated update for replicas# pragma: no cover"",
            ""self = MockSelf() # pragma: no cover"",
            ""group = True # pragma: no cover""
        ]
    },
    {
        ""imports"": [
            """"
        ],
        ""initialization"": [
            ""kwargs = {} # pragma: no cover"",
            ""class MockDistributionStrategyContext:# pragma: no cover"",
            ""    @staticmethod# pragma: no cover"",
            ""    def get_replica_context():# pragma: no cover"",
            ""        return None# pragma: no cover"",
            ""    @staticmethod# pragma: no cover"",
            ""    def _get_default_replica_context():# pragma: no cover"",
            ""        return None# pragma: no cover"",
            ""# pragma: no cover"",
            ""distribution_strategy_context = MockDistributionStrategyContext() # pragma: no cover"",
            ""class MockAutograph:# pragma: no cover"",
            ""    @staticmethod# pragma: no cover"",
            ""    def tf_convert(fn, ctx, convert_by_default):# pragma: no cover"",
            ""        return fn# pragma: no cover"",
            ""# pragma: no cover"",
            ""autograph = MockAutograph() # pragma: no cover"",
            ""class MockAutographContext:# pragma: no cover"",
            ""    @staticmethod# pragma: no cover"",
            ""    def control_status_ctx():# pragma: no cover"",
            ""        return None# pragma: no cover"",
            ""# pragma: no cover"",
            ""autograph_ctx = MockAutographContext() # pragma: no cover"",
            ""fn = lambda v, *args, **kwargs: v.assign_add(tf.constant(1.0)) # pragma: no cover"",
            ""class MockSelf:# pragma: no cover"",
            ""    def _container_strategy(self):# pragma: no cover"",
            ""        return self# pragma: no cover"",
            ""    def scope(self):# pragma: no cover"",
            ""        pass# pragma: no cover"",
            ""    def _update(self, var, fn, args, kwargs, group):# pragma: no cover"",
            ""        return 'updated'  # Simulated update# pragma: no cover"",
            ""    def _replica_ctx_update(self, var, fn, args, kwargs, group):# pragma: no cover"",
            ""        return 'replica_updated'  # Simulated update for replicas# pragma: no cover"",
            ""self = MockSelf() # pragma: no cover"",
            ""args = [1.0] # pragma: no cover"",
            ""group = True # pragma: no cover""
        ]
    },
    {
        ""imports"": [
            """"
        ],
        ""initialization"": [
            ""kwargs = {} # pragma: no cover"",
            ""class MockDistributionStrategyContext: # pragma: no cover"",
            ""    @staticmethod# pragma: no cover"",
            ""    def get_replica_context(): # pragma: no cover"",
            ""        return None# pragma: no cover"",
            ""    @staticmethod# pragma: no cover"",
            ""    def _get_default_replica_context(): # pragma: no cover"",
            ""        return None# pragma: no cover"",
            ""# pragma: no cover"",
            ""distribution_strategy_context = MockDistributionStrategyContext() # pragma: no cover"",
            ""class MockAutograph: # pragma: no cover"",
            ""    @staticmethod# pragma: no cover"",
            ""    def tf_convert(fn, ctx, convert_by_default): # pragma: no cover"",
            ""        return fn# pragma: no cover"",
            ""# pragma: no cover"",
            ""autograph = MockAutograph() # pragma: no cover"",
            ""class MockAutographContext: # pragma: no cover"",
            ""    @staticmethod# pragma: no cover"",
            ""    def control_status_ctx(): # pragma: no cover"",
            ""        return None# pragma: no cover"",
            ""# pragma: no cover"",
            ""autograph_ctx = MockAutographContext() # pragma: no cover"",
            ""fn = lambda v, *args, **kwargs: v.assign_add(tf.constant(1.0)) # pragma: no cover"",
            ""class MockContainerStrategy: # pragma: no cover"",
            ""    def scope(self): # pragma: no cover"",
            ""        return self# pragma: no cover"",
            "" # pragma: no cover"",
            ""class MockSelf:# pragma: no cover"",
            ""    def _container_strategy(self):# pragma: no cover"",
            ""        return MockContainerStrategy()# pragma: no cover"",
            ""    def _update(self, var, fn, args, kwargs, group):# pragma: no cover"",
            ""        return 'updated'  # Simulated update# pragma: no cover"",
            ""    def _replica_ctx_update(self, var, fn, args, kwargs, group):# pragma: no cover"",
            ""        return 'replica_updated'  # Simulated update for replicas# pragma: no cover"",
            ""self = MockSelf() # pragma: no cover"",
            ""group = True # pragma: no cover""
        ]
    },
    {
        ""imports"": [
            """"
        ],
        ""initialization"": [
            ""kwargs = {} # pragma: no cover"",
            ""class MockDistributionStrategyContext: # pragma: no cover"",
            ""    @staticmethod# pragma: no cover"",
            ""    def get_replica_context(): # pragma: no cover"",
            ""        return None# pragma: no cover"",
            ""    @staticmethod# pragma: no cover"",
            ""    def _get_default_replica_context(): # pragma: no cover"",
            ""        return None# pragma: no cover"",
            ""# pragma: no cover"",
            ""distribution_strategy_context = MockDistributionStrategyContext() # pragma: no cover"",
            ""class MockAutograph: # pragma: no cover"",
            ""    @staticmethod# pragma: no cover"",
            ""    def tf_convert(fn, ctx, convert_by_default): # pragma: no cover"",
            ""        return fn# pragma: no cover"",
            ""# pragma: no cover"",
            ""autograph = MockAutograph() # pragma: no cover"",
            ""class MockAutographContext: # pragma: no cover"",
            ""    @staticmethod# pragma: no cover"",
            ""    def control_status_ctx(): # pragma: no cover"",
            ""        return None# pragma: no cover"",
            ""# pragma: no cover"",
            ""autograph_ctx = MockAutographContext() # pragma: no cover"",
            ""def update_fn(v): return v.assign(1.0) # pragma: no cover"",
            ""class MockScope: # pragma: no cover"",
            ""    def __enter__(self): pass# pragma: no cover"",
            ""    def __exit__(self, exc_type, exc_value, traceback): pass# pragma: no cover"",
            ""class MockSelf:# pragma: no cover"",
            ""    def _container_strategy(self):# pragma: no cover"",
            ""        return self# pragma: no cover"",
            ""    def scope(self):# pragma: no cover"",
            ""        return MockScope()# pragma: no cover"",
            ""    def _update(self, var, fn, args, kwargs, group):# pragma: no cover"",
            ""        return 'updated'  # Simulated update# pragma: no cover"",
            ""    def _replica_ctx_update(self, var, fn, args, kwargs, group):# pragma: no cover"",
            ""        return 'replica_updated'  # Simulated update for replicas# pragma: no cover"",
            ""self = MockSelf() # pragma: no cover"",
            ""args = [1.0] # pragma: no cover"",
            ""group = True # pragma: no cover"",
            ""fn = update_fn # pragma: no cover""
        ]
    },
    {
        ""imports"": [
            """"
        ],
        ""initialization"": [
            ""kwargs = {} # pragma: no cover"",
            ""class MockDistributionStrategyContext:# pragma: no cover"",
            ""    @staticmethod# pragma: no cover"",
            ""    def get_replica_context():# pragma: no cover"",
            ""        return None# pragma: no cover"",
            ""    @staticmethod# pragma: no cover"",
            ""    def _get_default_replica_context():# pragma: no cover"",
            ""        return None# pragma: no cover"",
            ""# pragma: no cover"",
            ""distribution_strategy_context = MockDistributionStrategyContext() # pragma: no cover"",
            ""class MockAutograph:# pragma: no cover"",
            ""    @staticmethod# pragma: no cover"",
            ""    def tf_convert(fn, ctx, convert_by_default):# pragma: no cover"",
            ""        return fn# pragma: no cover"",
            ""# pragma: no cover"",
            ""autograph = MockAutograph() # pragma: no cover"",
            ""class MockAutographContext:# pragma: no cover"",
            ""    @staticmethod# pragma: no cover"",
            ""    def control_status_ctx():# pragma: no cover"",
            ""        return None# pragma: no cover"",
            ""# pragma: no cover"",
            ""autograph_ctx = MockAutographContext() # pragma: no cover"",
            ""fn = lambda v, *args, **kwargs: v.assign_add(tf.constant(args[0])) # pragma: no cover"",
            ""class MockSelf:# pragma: no cover"",
            ""    def _container_strategy(self):# pragma: no cover"",
            ""        return self# pragma: no cover"",
            ""    def scope(self):# pragma: no cover"",
            ""        pass# pragma: no cover"",
            ""    def _update(self, var, fn, args, kwargs, group):# pragma: no cover"",
            ""        return 'updated'  # Simulated update# pragma: no cover"",
            ""    def _replica_ctx_update(self, var, fn, args, kwargs, group):# pragma: no cover"",
            ""        return 'replica_updated'  # Simulated update for replicas# pragma: no cover"",
            ""self = MockSelf() # pragma: no cover"",
            ""args = [1.0] # pragma: no cover"",
            ""group = True # pragma: no cover""
        ]
    },
    {
        ""imports"": [
            """"
        ],
        ""initialization"": [
            ""kwargs = {} # pragma: no cover"",
            ""class MockDistributionStrategyContext: # pragma: no cover"",
            ""    @staticmethod# pragma: no cover"",
            ""    def get_replica_context(): # pragma: no cover"",
            ""        return None# pragma: no cover"",
            ""    @staticmethod# pragma: no cover"",
            ""    def _get_default_replica_context(): # pragma: no cover"",
            ""        return None# pragma: no cover"",
            ""# pragma: no cover"",
            ""distribution_strategy_context = MockDistributionStrategyContext() # pragma: no cover"",
            ""class MockAutograph: # pragma: no cover"",
            ""    @staticmethod# pragma: no cover"",
            ""    def tf_convert(fn, ctx, convert_by_default): # pragma: no cover"",
            ""        return fn# pragma: no cover"",
            ""# pragma: no cover"",
            ""autograph = MockAutograph() # pragma: no cover"",
            ""class MockAutographContext: # pragma: no cover"",
            ""    @staticmethod# pragma: no cover"",
            ""    def control_status_ctx(): # pragma: no cover"",
            ""        return None# pragma: no cover"",
            ""# pragma: no cover"",
            ""autograph_ctx = MockAutographContext() # pragma: no cover"",
            ""fn = lambda v, *args, **kwargs: v.assign_add(tf.constant(args[0])) # pragma: no cover"",
            ""class MockSelf:# pragma: no cover"",
            ""    def _container_strategy(self):# pragma: no cover"",
            ""        return self# pragma: no cover"",
            ""    def scope(self):# pragma: no cover"",
            ""        pass  # Simulated scope# pragma: no cover"",
            ""    def _update(self, var, fn, args, kwargs, group):# pragma: no cover"",
            ""        return 'updated'  # Simulated update# pragma: no cover"",
            ""    def _replica_ctx_update(self, var, fn, args, kwargs, group):# pragma: no cover"",
            ""        return 'replica_updated'  # Simulated update for replicas# pragma: no cover"",
            ""self = MockSelf() # pragma: no cover"",
            ""args = [1.0] # pragma: no cover"",
            ""group = True # pragma: no cover""
        ]
    },
    {
        ""imports"": [
            """"
        ],
        ""initialization"": [
            """"
        ]
    },
    {
        ""imports"": [
            """"
        ],
        ""initialization"": [
            ""kwargs = {} # pragma: no cover"",
            ""class MockDistributionStrategyContext: # pragma: no cover"",
            ""    @staticmethod# pragma: no cover"",
            ""    def get_replica_context(): # pragma: no cover"",
            ""        return None# pragma: no cover"",
            ""    @staticmethod# pragma: no cover"",
            ""    def _get_default_replica_context(): # pragma: no cover"",
            ""        return None# pragma: no cover"",
            ""# pragma: no cover"",
            ""distribution_strategy_context = MockDistributionStrategyContext() # pragma: no cover"",
            ""class MockAutograph: # pragma: no cover"",
            ""    @staticmethod# pragma: no cover"",
            ""    def tf_convert(fn, ctx, convert_by_default): # pragma: no cover"",
            ""        return fn# pragma: no cover"",
            ""# pragma: no cover"",
            ""autograph = MockAutograph() # pragma: no cover"",
            ""class MockAutographContext: # pragma: no cover"",
            ""    @staticmethod# pragma: no cover"",
            ""    def control_status_ctx(): # pragma: no cover"",
            ""        return None# pragma: no cover"",
            ""# pragma: no cover"",
            ""autograph_ctx = MockAutographContext() # pragma: no cover"",
            ""fn = lambda v, *args, **kwargs: v.assign_add(tf.constant(1.0)) # pragma: no cover"",
            ""class MockContainerStrategy: # pragma: no cover"",
            ""    def scope(self): # pragma: no cover"",
            ""        pass  # Simulating the scope context# pragma: no cover"",
            ""# pragma: no cover"",
            ""    def __call__(self): # pragma: no cover"",
            ""        return self# pragma: no cover"",
            "" # pragma: no cover"",
            ""class MockSelf:# pragma: no cover"",
            ""    def _container_strategy(self):# pragma: no cover"",
            ""        return MockContainerStrategy()  # Returning an instance of the mocked strategy# pragma: no cover"",
            ""    def _update(self, var, fn, args, kwargs, group):# pragma: no cover"",
            ""        return 'updated'  # Simulated update# pragma: no cover"",
            ""    def _replica_ctx_update(self, var, fn, args, kwargs, group):# pragma: no cover"",
            ""        return 'replica_updated'  # Simulated update for replicas# pragma: no cover"",
            ""self = MockSelf() # pragma: no cover"",
            ""group = True # pragma: no cover""
        ]
    }
]",2,3405,0.0017025,3442,0.005163,0.0068655
"When trying to execute the code snippet with the provided imports and initialization, the following error happens:
# begin error message
Execution error at line 106:
    with self._container_strategy().scope():
AttributeError: __enter__
# end error message

Please, provide self-contained and concrete Python fixed values of the imports and initialization to solve the error and make the code snippet executable.
Respond strictly with JSON. The JSON should be compatible with the TypeScript type `Response` from the following:

```ts
interface Response {
// Python import statements needed in the initialization code. One string per import.
imports: string[];
// Python code to initialize the undefined variables and make the code snippet executable. One string per undefined variable. The statements in the code snippet above are not part of the initialization of undefined variables. Therefore, their copy or modified versions should not be added here. The values should be self-contained and concrete, i.e. without assumptions or expected replacements of any code that is not present in the code snippet. In case there are undefined attributes or methods and the attribute or method base is not initialized, initialize the attribute or method base using type(""Mock"", bases, dict), where bases is a tuple containing the base classes that the Mock object inherits from, e.g. object, and dict is a dictionary containing the initialization of the undefined attributes and methods in the code snippet.
initialization: string[];
}
```","[
    {
        ""imports"": [
            ""import tensorflow as tf""
        ],
        ""initialization"": [
            ""kwargs = {}"",
            ""class MockDistributionStrategyContext(object):"",
            ""    @staticmethod"",
            ""    def get_replica_context():"",
            ""        return None"",
            ""    @staticmethod"",
            ""    def _get_default_replica_context():"",
            ""        return None"",
            ""distribution_strategy_context = MockDistributionStrategyContext()"",
            ""class MockAutograph(object):"",
            ""    @staticmethod"",
            ""    def tf_convert(fn, ctx, convert_by_default):"",
            ""        return fn"",
            ""autograph = MockAutograph()"",
            ""class MockAutographCtx(object):"",
            ""    @staticmethod"",
            ""    def control_status_ctx():"",
            ""        return None"",
            ""autograph_ctx = MockAutographCtx()"",
            ""class MockSelf(object):"",
            ""    class MockContainerStrategy(object):"",
            ""        def scope(self):"",
            ""            return self"",
            ""    def _container_strategy(self):"",
            ""        return self.MockContainerStrategy()"",
            ""    def _update(self, var, fn, args, kwargs, group):"",
            ""        return var"",
            ""    def _replica_ctx_update(self, var, fn, args, kwargs, group):"",
            ""        return var"",
            ""self = MockSelf()"",
            ""var = tf.Variable(5.0, aggregation=tf.VariableAggregation.SUM)"",
            ""args = ()"",
            ""group = True"",
            ""fn = lambda v: v.assign(1.0)""
        ]
    },
    {
        ""imports"": [
            ""import tensorflow as tf""
        ],
        ""initialization"": [
            ""kwargs = {}"",
            ""class MockDistributionStrategyContext(object):"",
            ""    @staticmethod"",
            ""    def get_replica_context():"",
            ""        return None"",
            ""    @staticmethod"",
            ""    def _get_default_replica_context():"",
            ""        return None"",
            ""distribution_strategy_context = MockDistributionStrategyContext()"",
            ""class MockAutograph(object):"",
            ""    @staticmethod"",
            ""    def tf_convert(fn, ctx, convert_by_default):"",
            ""        return fn"",
            ""autograph = MockAutograph()"",
            ""class MockAutographCtx(object):"",
            ""    @staticmethod"",
            ""    def control_status_ctx():"",
            ""        return None"",
            ""autograph_ctx = MockAutographCtx()"",
            ""class MockStrategy(object):"",
            ""    def scope(self):"",
            ""        return self"",
            ""    def __enter__(self):"",
            ""        return self"",
            ""    def __exit__(self, exc_type, exc_value, traceback):"",
            ""        pass"",
            ""class MockSelf(object):"",
            ""    def _container_strategy(self):"",
            ""        return MockStrategy()"",
            ""    def _update(self, var, fn, args, kwargs, group):"",
            ""        return var"",
            ""    def _replica_ctx_update(self, var, fn, args, kwargs, group):"",
            ""        return var"",
            ""self = MockSelf()"",
            ""var = tf.Variable(5.0, aggregation=tf.VariableAggregation.SUM)"",
            ""args = (1.0,)"",
            ""group = True"",
            ""fn = lambda v, x: v.assign_add(x)""
        ]
    },
    {
        ""imports"": [
            ""import tensorflow as tf""
        ],
        ""initialization"": [
            ""kwargs = {}"",
            ""class MockDistributionStrategyContext(object):"",
            ""    @staticmethod"",
            ""    def get_replica_context():"",
            ""        return None"",
            ""    @staticmethod"",
            ""    def _get_default_replica_context():"",
            ""        return None"",
            ""distribution_strategy_context = MockDistributionStrategyContext()"",
            ""class MockAutograph(object):"",
            ""    @staticmethod"",
            ""    def tf_convert(fn, ctx, convert_by_default):"",
            ""        return fn"",
            ""autograph = MockAutograph()"",
            ""class MockAutographCtx(object):"",
            ""    @staticmethod"",
            ""    def control_status_ctx():"",
            ""        return None"",
            ""autograph_ctx = MockAutographCtx()"",
            ""class MockScope(object):"",
            ""    def __enter__(self): return self"",
            ""    def __exit__(self, exc_type, exc_val, exc_tb): pass"",
            ""class MockSelf(object):"",
            ""    def _container_strategy(self):"",
            ""        return self"",
            ""    def scope(self):"",
            ""        return MockScope()"",
            ""    def _update(self, var, fn, args, kwargs, group):"",
            ""        return var"",
            ""    def _replica_ctx_update(self, var, fn, args, kwargs, group):"",
            ""        return var"",
            ""self = MockSelf()"",
            ""var = tf.Variable(5.0, aggregation=tf.VariableAggregation.SUM)"",
            ""args = ()"",
            ""group = True"",
            ""fn = lambda v: v.assign(1.0)""
        ]
    },
    {
        ""imports"": [
            ""import tensorflow as tf""
        ],
        ""initialization"": [
            ""kwargs = {}"",
            ""class MockDistributionStrategyContext(object):"",
            ""    @staticmethod"",
            ""    def get_replica_context():"",
            ""        return None"",
            ""    @staticmethod"",
            ""    def _get_default_replica_context():"",
            ""        return None"",
            ""distribution_strategy_context = MockDistributionStrategyContext()"",
            ""class MockAutograph(object):"",
            ""    @staticmethod"",
            ""    def tf_convert(fn, ctx, convert_by_default):"",
            ""        return fn"",
            ""autograph = MockAutograph()"",
            ""class MockAutographCtx(object):"",
            ""    @staticmethod"",
            ""    def control_status_ctx():"",
            ""        return None"",
            ""autograph_ctx = MockAutographCtx()"",
            ""class MockSelf(object):"",
            ""    def _container_strategy(self):"",
            ""        return self"",
            ""    def scope(self):"",
            ""        return self"",
            ""    def __enter__(self):"",
            ""        return self"",
            ""    def __exit__(self, exc_type, exc_value, traceback):"",
            ""        pass"",
            ""    def _update(self, var, fn, args, kwargs, group):"",
            ""        return var"",
            ""    def _replica_ctx_update(self, var, fn, args, kwargs, group):"",
            ""        return var"",
            ""self = MockSelf()"",
            ""var = tf.Variable(5.0, aggregation=tf.VariableAggregation.SUM)"",
            ""args = (1.0,)"",
            ""group = True"",
            ""fn = lambda v: v.assign(1.0)""
        ]
    },
    {
        ""imports"": [
            ""import tensorflow as tf""
        ],
        ""initialization"": [
            ""kwargs = {}"",
            ""class MockDistributionStrategyContext(object):"",
            ""    @staticmethod"",
            ""    def get_replica_context():"",
            ""        return None"",
            ""    @staticmethod"",
            ""    def _get_default_replica_context():"",
            ""        return None"",
            ""distribution_strategy_context = MockDistributionStrategyContext()"",
            ""class MockAutograph(object):"",
            ""    @staticmethod"",
            ""    def tf_convert(fn, ctx, convert_by_default):"",
            ""        return fn"",
            ""autograph = MockAutograph()"",
            ""class MockAutographCtx(object):"",
            ""    @staticmethod"",
            ""    def control_status_ctx():"",
            ""        return None"",
            ""autograph_ctx = MockAutographCtx()"",
            ""class MockContainerStrategy(object):"",
            ""    def scope(self):"",
            ""        return self"",
            ""    def __enter__(self):"",
            ""        return self"",
            ""    def __exit__(self, exc_type, exc_val, exc_tb):"",
            ""        pass"",
            ""class MockSelf(object):"",
            ""    def _container_strategy(self):"",
            ""        return MockContainerStrategy()"",
            ""    def _update(self, var, fn, args, kwargs, group):"",
            ""        return var"",
            ""    def _replica_ctx_update(self, var, fn, args, kwargs, group):"",
            ""        return var"",
            ""self = MockSelf()"",
            ""var = tf.Variable(5.0, aggregation=tf.VariableAggregation.SUM)"",
            ""args = ()"",
            ""group = True"",
            ""fn = lambda v: v.assign(1.0)""
        ]
    },
    {
        ""imports"": [
            ""import tensorflow as tf""
        ],
        ""initialization"": [
            ""kwargs = {}"",
            ""class MockDistributionStrategyContext(object):"",
            ""    class Scope(object):"",
            ""        def __enter__(self):"",
            ""            pass"",
            ""        def __exit__(self, *args):"",
            ""            pass"",
            ""    @staticmethod"",
            ""    def get_replica_context():"",
            ""        return None"",
            ""    @staticmethod"",
            ""    def _get_default_replica_context():"",
            ""        return None"",
            ""    def scope(self):"",
            ""        return self.Scope()"",
            ""distribution_strategy_context = MockDistributionStrategyContext()"",
            ""class MockAutograph(object):"",
            ""    @staticmethod"",
            ""    def tf_convert(fn, ctx, convert_by_default):"",
            ""        return fn"",
            ""autograph = MockAutograph()"",
            ""class MockAutographCtx(object):"",
            ""    @staticmethod"",
            ""    def control_status_ctx():"",
            ""        return None"",
            ""autograph_ctx = MockAutographCtx()"",
            ""class MockSelf(object):"",
            ""    def _container_strategy(self):"",
            ""        return self"",
            ""    def scope(self):"",
            ""        return self.Scope()"",
            ""    def _update(self, var, fn, args, kwargs, group):"",
            ""        return var"",
            ""    def _replica_ctx_update(self, var, fn, args, kwargs, group):"",
            ""        return var"",
            ""self = MockSelf()"",
            ""var = tf.Variable(5.0, aggregation=tf.VariableAggregation.SUM, dtype=tf.float32)"",
            ""args = (1.0,)"",
            ""group = True"",
            ""fn = lambda v: v.assign(1.0)""
        ]
    },
    {
        ""imports"": [
            ""import tensorflow as tf""
        ],
        ""initialization"": [
            ""kwargs = {}"",
            ""class MockDistributionStrategyContext(object):"",
            ""    @staticmethod"",
            ""    def get_replica_context():"",
            ""        return None"",
            ""    @staticmethod"",
            ""    def _get_default_replica_context():"",
            ""        return None"",
            ""distribution_strategy_context = MockDistributionStrategyContext()"",
            ""class MockAutograph(object):"",
            ""    @staticmethod"",
            ""    def tf_convert(fn, ctx, convert_by_default):"",
            ""        return fn"",
            ""autograph = MockAutograph()"",
            ""class MockAutographCtx(object):"",
            ""    @staticmethod"",
            ""    def control_status_ctx():"",
            ""        return None"",
            ""autograph_ctx = MockAutographCtx()"",
            ""class MockSelf(object):"",
            ""    class ContainerStrategy(object):"",
            ""        def scope(self):"",
            ""            return self"",
            ""        def __enter__(self):"",
            ""            return self"",
            ""        def __exit__(self, exc_type, exc_val, exc_tb):"",
            ""            pass"",
            ""    def _container_strategy(self):"",
            ""        return self.ContainerStrategy()"",
            ""    def _update(self, var, fn, args, kwargs, group):"",
            ""        return var"",
            ""    def _replica_ctx_update(self, var, fn, args, kwargs, group):"",
            ""        return var"",
            ""self = MockSelf()"",
            ""var = tf.Variable(5.0, aggregation=tf.VariableAggregation.SUM)"",
            ""args = ()"",
            ""group = True"",
            ""fn = lambda v: v.assign(1.0)""
        ]
    },
    {
        ""imports"": [
            ""import tensorflow as tf""
        ],
        ""initialization"": [
            ""kwargs = {}"",
            ""class MockDistributionStrategyContext(object):"",
            ""    @staticmethod"",
            ""    def get_replica_context():"",
            ""        return None"",
            ""    @staticmethod"",
            ""    def _get_default_replica_context():"",
            ""        return None"",
            ""distribution_strategy_context = MockDistributionStrategyContext()"",
            ""class MockAutograph(object):"",
            ""    @staticmethod"",
            ""    def tf_convert(fn, ctx, convert_by_default):"",
            ""        return fn"",
            ""autograph = MockAutograph()"",
            ""class MockAutographCtx(object):"",
            ""    @staticmethod"",
            ""    def control_status_ctx():"",
            ""        return None"",
            ""autograph_ctx = MockAutographCtx()"",
            ""class MockSelf(object):"",
            ""    class ContainerStrategy(object):"",
            ""        def __enter__(self):"",
            ""            return self"",
            ""        def __exit__(self, exc_type, exc_value, traceback):"",
            ""            pass"",
            ""    def _container_strategy(self):"",
            ""        return self.ContainerStrategy()"",
            ""    def scope(self):"",
            ""        pass"",
            ""    def _update(self, var, fn, args, kwargs, group):"",
            ""        return var"",
            ""    def _replica_ctx_update(self, var, fn, args, kwargs, group):"",
            ""        return var"",
            ""self = MockSelf()"",
            ""var = tf.Variable(5.0, aggregation=tf.VariableAggregation.SUM)"",
            ""args = (tf.constant(1.0),)"",
            ""group = True"",
            ""fn = lambda v: v.assign(1.0)""
        ]
    },
    {
        ""imports"": [
            ""import tensorflow as tf""
        ],
        ""initialization"": [
            ""kwargs = {}"",
            ""class MockDistributionStrategyContext(object):"",
            ""    @staticmethod"",
            ""    def get_replica_context():"",
            ""        return None"",
            ""    @staticmethod"",
            ""    def _get_default_replica_context():"",
            ""        return None"",
            ""distribution_strategy_context = MockDistributionStrategyContext()"",
            ""class MockAutograph(object):"",
            ""    @staticmethod"",
            ""    def tf_convert(fn, ctx, convert_by_default):"",
            ""        return fn"",
            ""autograph = MockAutograph()"",
            ""class MockAutographCtx(object):"",
            ""    @staticmethod"",
            ""    def control_status_ctx():"",
            ""        return None"",
            ""autograph_ctx = MockAutographCtx()"",
            ""class MockStrategy(object):"",
            ""    def scope(self):"",
            ""        return self"",
            ""    def __enter__(self):"",
            ""        return self"",
            ""    def __exit__(self, exc_type, exc_value, traceback):"",
            ""        pass"",
            ""class MockSelf(object):"",
            ""    def _container_strategy(self):"",
            ""        return MockStrategy()"",
            ""    def _update(self, var, fn, args, kwargs, group):"",
            ""        return var"",
            ""    def _replica_ctx_update(self, var, fn, args, kwargs, group):"",
            ""        return var"",
            ""self = MockSelf()"",
            ""var = tf.Variable(5.0, aggregation=tf.VariableAggregation.SUM)"",
            ""args = ()"",
            ""group = True"",
            ""fn = lambda v: v.assign(1.0)""
        ]
    },
    {
        ""imports"": [
            ""import tensorflow as tf""
        ],
        ""initialization"": [
            ""kwargs = {}"",
            ""class MockDistributionStrategyContext(object):"",
            ""    @staticmethod"",
            ""    def get_replica_context():"",
            ""        return None"",
            ""    @staticmethod"",
            ""    def _get_default_replica_context():"",
            ""        return None"",
            ""distribution_strategy_context = MockDistributionStrategyContext()"",
            ""class MockAutograph(object):"",
            ""    @staticmethod"",
            ""    def tf_convert(fn, ctx, convert_by_default):"",
            ""        return fn"",
            ""autograph = MockAutograph()"",
            ""class MockAutographCtx(object):"",
            ""    @staticmethod"",
            ""    def control_status_ctx():"",
            ""        return None"",
            ""autograph_ctx = MockAutographCtx()"",
            ""class MockSelf(object):"",
            ""    def _container_strategy(self):"",
            ""        return self"",
            ""    @contextmanager"",
            ""    def scope(self):"",
            ""        yield None"",
            ""    def _update(self, var, fn, args, kwargs, group):"",
            ""        return var"",
            ""    def _replica_ctx_update(self, var, fn, args, kwargs, group):"",
            ""        return var"",
            ""self = MockSelf()"",
            ""var = tf.Variable(5.0, aggregation=tf.VariableAggregation.SUM)"",
            ""args = [1.0]"",
            ""group = True"",
            ""fn = lambda v, x: v.assign_add(x)""
        ]
    }
]","[
    {
        ""imports"": [
            """"
        ],
        ""initialization"": [
            ""kwargs = {} # pragma: no cover"",
            ""class MockDistributionStrategyContext(object): # pragma: no cover"",
            ""    @staticmethod # pragma: no cover"",
            ""    def get_replica_context(): # pragma: no cover"",
            ""        return None # pragma: no cover"",
            ""    @staticmethod # pragma: no cover"",
            ""    def _get_default_replica_context(): # pragma: no cover"",
            ""        return None # pragma: no cover"",
            ""distribution_strategy_context = MockDistributionStrategyContext() # pragma: no cover"",
            ""class MockAutograph(object): # pragma: no cover"",
            ""    @staticmethod # pragma: no cover"",
            ""    def tf_convert(fn, ctx, convert_by_default): # pragma: no cover"",
            ""        return fn # pragma: no cover"",
            ""autograph = MockAutograph() # pragma: no cover"",
            ""class MockAutographCtx(object): # pragma: no cover"",
            ""    @staticmethod # pragma: no cover"",
            ""    def control_status_ctx(): # pragma: no cover"",
            ""        return None # pragma: no cover"",
            ""autograph_ctx = MockAutographCtx() # pragma: no cover"",
            ""class MockSelf(object): # pragma: no cover"",
            ""    class MockContainerStrategy(object): # pragma: no cover"",
            ""        def scope(self): # pragma: no cover"",
            ""            return self # pragma: no cover"",
            ""    def _container_strategy(self): # pragma: no cover"",
            ""        return self.MockContainerStrategy() # pragma: no cover"",
            ""    def _update(self, var, fn, args, kwargs, group): # pragma: no cover"",
            ""        return var # pragma: no cover"",
            ""    def _replica_ctx_update(self, var, fn, args, kwargs, group): # pragma: no cover"",
            ""        return var # pragma: no cover"",
            ""self = MockSelf() # pragma: no cover"",
            ""args = () # pragma: no cover"",
            ""group = True # pragma: no cover"",
            ""fn = lambda v: v.assign(1.0) # pragma: no cover""
        ]
    },
    {
        ""imports"": [
            """"
        ],
        ""initialization"": [
            ""kwargs = {} # pragma: no cover"",
            ""class MockDistributionStrategyContext(object): # pragma: no cover"",
            ""    @staticmethod # pragma: no cover"",
            ""    def get_replica_context(): # pragma: no cover"",
            ""        return None # pragma: no cover"",
            ""    @staticmethod # pragma: no cover"",
            ""    def _get_default_replica_context(): # pragma: no cover"",
            ""        return None # pragma: no cover"",
            ""distribution_strategy_context = MockDistributionStrategyContext() # pragma: no cover"",
            ""class MockAutograph(object): # pragma: no cover"",
            ""    @staticmethod # pragma: no cover"",
            ""    def tf_convert(fn, ctx, convert_by_default): # pragma: no cover"",
            ""        return fn # pragma: no cover"",
            ""autograph = MockAutograph() # pragma: no cover"",
            ""class MockAutographCtx(object): # pragma: no cover"",
            ""    @staticmethod # pragma: no cover"",
            ""    def control_status_ctx(): # pragma: no cover"",
            ""        return None # pragma: no cover"",
            ""autograph_ctx = MockAutographCtx() # pragma: no cover"",
            ""class MockStrategy(object): # pragma: no cover"",
            ""    def scope(self): # pragma: no cover"",
            ""        return self # pragma: no cover"",
            ""    def __enter__(self): # pragma: no cover"",
            ""        return self # pragma: no cover"",
            ""    def __exit__(self, exc_type, exc_value, traceback): # pragma: no cover"",
            ""        pass # pragma: no cover"",
            ""class MockSelf(object): # pragma: no cover"",
            ""    def _container_strategy(self): # pragma: no cover"",
            ""        return MockStrategy() # pragma: no cover"",
            ""    def _update(self, var, fn, args, kwargs, group): # pragma: no cover"",
            ""        return var # pragma: no cover"",
            ""    def _replica_ctx_update(self, var, fn, args, kwargs, group): # pragma: no cover"",
            ""        return var # pragma: no cover"",
            ""self = MockSelf() # pragma: no cover"",
            ""args = (1.0,) # pragma: no cover"",
            ""group = True # pragma: no cover"",
            ""fn = lambda v, x: v.assign_add(x) # pragma: no cover""
        ]
    },
    {
        ""imports"": [
            """"
        ],
        ""initialization"": [
            ""kwargs = {} # pragma: no cover"",
            ""class MockDistributionStrategyContext(object): # pragma: no cover"",
            ""    @staticmethod # pragma: no cover"",
            ""    def get_replica_context(): # pragma: no cover"",
            ""        return None # pragma: no cover"",
            ""    @staticmethod # pragma: no cover"",
            ""    def _get_default_replica_context(): # pragma: no cover"",
            ""        return None # pragma: no cover"",
            ""distribution_strategy_context = MockDistributionStrategyContext() # pragma: no cover"",
            ""class MockAutograph(object): # pragma: no cover"",
            ""    @staticmethod # pragma: no cover"",
            ""    def tf_convert(fn, ctx, convert_by_default): # pragma: no cover"",
            ""        return fn # pragma: no cover"",
            ""autograph = MockAutograph() # pragma: no cover"",
            ""class MockAutographCtx(object): # pragma: no cover"",
            ""    @staticmethod # pragma: no cover"",
            ""    def control_status_ctx(): # pragma: no cover"",
            ""        return None # pragma: no cover"",
            ""autograph_ctx = MockAutographCtx() # pragma: no cover"",
            ""class MockScope(object): # pragma: no cover"",
            ""    def __enter__(self): return self # pragma: no cover"",
            ""    def __exit__(self, exc_type, exc_val, exc_tb): pass # pragma: no cover"",
            ""class MockSelf(object): # pragma: no cover"",
            ""    def _container_strategy(self): # pragma: no cover"",
            ""        return self # pragma: no cover"",
            ""    def scope(self): # pragma: no cover"",
            ""        return MockScope() # pragma: no cover"",
            ""    def _update(self, var, fn, args, kwargs, group): # pragma: no cover"",
            ""        return var # pragma: no cover"",
            ""    def _replica_ctx_update(self, var, fn, args, kwargs, group): # pragma: no cover"",
            ""        return var # pragma: no cover"",
            ""self = MockSelf() # pragma: no cover"",
            ""args = () # pragma: no cover"",
            ""group = True # pragma: no cover"",
            ""fn = lambda v: v.assign(1.0) # pragma: no cover""
        ]
    },
    {
        ""imports"": [
            """"
        ],
        ""initialization"": [
            ""kwargs = {} # pragma: no cover"",
            ""class MockDistributionStrategyContext(object): # pragma: no cover"",
            ""    @staticmethod # pragma: no cover"",
            ""    def get_replica_context(): # pragma: no cover"",
            ""        return None # pragma: no cover"",
            ""    @staticmethod # pragma: no cover"",
            ""    def _get_default_replica_context(): # pragma: no cover"",
            ""        return None # pragma: no cover"",
            ""distribution_strategy_context = MockDistributionStrategyContext() # pragma: no cover"",
            ""class MockAutograph(object): # pragma: no cover"",
            ""    @staticmethod # pragma: no cover"",
            ""    def tf_convert(fn, ctx, convert_by_default): # pragma: no cover"",
            ""        return fn # pragma: no cover"",
            ""autograph = MockAutograph() # pragma: no cover"",
            ""class MockAutographCtx(object): # pragma: no cover"",
            ""    @staticmethod # pragma: no cover"",
            ""    def control_status_ctx(): # pragma: no cover"",
            ""        return None # pragma: no cover"",
            ""autograph_ctx = MockAutographCtx() # pragma: no cover"",
            ""class MockSelf(object): # pragma: no cover"",
            ""    def _container_strategy(self): # pragma: no cover"",
            ""        return self # pragma: no cover"",
            ""    def scope(self): # pragma: no cover"",
            ""        return self # pragma: no cover"",
            ""    def __enter__(self): # pragma: no cover"",
            ""        return self # pragma: no cover"",
            ""    def __exit__(self, exc_type, exc_value, traceback): # pragma: no cover"",
            ""        pass # pragma: no cover"",
            ""    def _update(self, var, fn, args, kwargs, group): # pragma: no cover"",
            ""        return var # pragma: no cover"",
            ""    def _replica_ctx_update(self, var, fn, args, kwargs, group): # pragma: no cover"",
            ""        return var # pragma: no cover"",
            ""self = MockSelf() # pragma: no cover"",
            ""args = (1.0,) # pragma: no cover"",
            ""group = True # pragma: no cover"",
            ""fn = lambda v: v.assign(1.0) # pragma: no cover""
        ]
    },
    {
        ""imports"": [
            """"
        ],
        ""initialization"": [
            ""kwargs = {} # pragma: no cover"",
            ""class MockDistributionStrategyContext(object): # pragma: no cover"",
            ""    @staticmethod # pragma: no cover"",
            ""    def get_replica_context(): # pragma: no cover"",
            ""        return None # pragma: no cover"",
            ""    @staticmethod # pragma: no cover"",
            ""    def _get_default_replica_context(): # pragma: no cover"",
            ""        return None # pragma: no cover"",
            ""distribution_strategy_context = MockDistributionStrategyContext() # pragma: no cover"",
            ""class MockAutograph(object): # pragma: no cover"",
            ""    @staticmethod # pragma: no cover"",
            ""    def tf_convert(fn, ctx, convert_by_default): # pragma: no cover"",
            ""        return fn # pragma: no cover"",
            ""autograph = MockAutograph() # pragma: no cover"",
            ""class MockAutographCtx(object): # pragma: no cover"",
            ""    @staticmethod # pragma: no cover"",
            ""    def control_status_ctx(): # pragma: no cover"",
            ""        return None # pragma: no cover"",
            ""autograph_ctx = MockAutographCtx() # pragma: no cover"",
            ""class MockContainerStrategy(object): # pragma: no cover"",
            ""    def scope(self): # pragma: no cover"",
            ""        return self # pragma: no cover"",
            ""    def __enter__(self): # pragma: no cover"",
            ""        return self # pragma: no cover"",
            ""    def __exit__(self, exc_type, exc_val, exc_tb): # pragma: no cover"",
            ""        pass # pragma: no cover"",
            ""class MockSelf(object): # pragma: no cover"",
            ""    def _container_strategy(self): # pragma: no cover"",
            ""        return MockContainerStrategy() # pragma: no cover"",
            ""    def _update(self, var, fn, args, kwargs, group): # pragma: no cover"",
            ""        return var # pragma: no cover"",
            ""    def _replica_ctx_update(self, var, fn, args, kwargs, group): # pragma: no cover"",
            ""        return var # pragma: no cover"",
            ""self = MockSelf() # pragma: no cover"",
            ""args = () # pragma: no cover"",
            ""group = True # pragma: no cover"",
            ""fn = lambda v: v.assign(1.0) # pragma: no cover""
        ]
    },
    {
        ""imports"": [
            """"
        ],
        ""initialization"": [
            ""kwargs = {} # pragma: no cover"",
            ""class MockDistributionStrategyContext(object): # pragma: no cover"",
            ""    class Scope(object): # pragma: no cover"",
            ""        def __enter__(self): # pragma: no cover"",
            ""            pass # pragma: no cover"",
            ""        def __exit__(self, *args): # pragma: no cover"",
            ""            pass # pragma: no cover"",
            ""    @staticmethod # pragma: no cover"",
            ""    def get_replica_context(): # pragma: no cover"",
            ""        return None # pragma: no cover"",
            ""    @staticmethod # pragma: no cover"",
            ""    def _get_default_replica_context(): # pragma: no cover"",
            ""        return None # pragma: no cover"",
            ""    def scope(self): # pragma: no cover"",
            ""        return self.Scope() # pragma: no cover"",
            ""distribution_strategy_context = MockDistributionStrategyContext() # pragma: no cover"",
            ""class MockAutograph(object): # pragma: no cover"",
            ""    @staticmethod # pragma: no cover"",
            ""    def tf_convert(fn, ctx, convert_by_default): # pragma: no cover"",
            ""        return fn # pragma: no cover"",
            ""autograph = MockAutograph() # pragma: no cover"",
            ""class MockAutographCtx(object): # pragma: no cover"",
            ""    @staticmethod # pragma: no cover"",
            ""    def control_status_ctx(): # pragma: no cover"",
            ""        return None # pragma: no cover"",
            ""autograph_ctx = MockAutographCtx() # pragma: no cover"",
            ""class MockSelf(object): # pragma: no cover"",
            ""    def _container_strategy(self): # pragma: no cover"",
            ""        return self # pragma: no cover"",
            ""    def scope(self): # pragma: no cover"",
            ""        return self.Scope() # pragma: no cover"",
            ""    def _update(self, var, fn, args, kwargs, group): # pragma: no cover"",
            ""        return var # pragma: no cover"",
            ""    def _replica_ctx_update(self, var, fn, args, kwargs, group): # pragma: no cover"",
            ""        return var # pragma: no cover"",
            ""self = MockSelf() # pragma: no cover"",
            ""args = (1.0,) # pragma: no cover"",
            ""group = True # pragma: no cover"",
            ""fn = lambda v: v.assign(1.0) # pragma: no cover""
        ]
    },
    {
        ""imports"": [
            """"
        ],
        ""initialization"": [
            ""kwargs = {} # pragma: no cover"",
            ""class MockDistributionStrategyContext(object): # pragma: no cover"",
            ""    @staticmethod # pragma: no cover"",
            ""    def get_replica_context(): # pragma: no cover"",
            ""        return None # pragma: no cover"",
            ""    @staticmethod # pragma: no cover"",
            ""    def _get_default_replica_context(): # pragma: no cover"",
            ""        return None # pragma: no cover"",
            ""distribution_strategy_context = MockDistributionStrategyContext() # pragma: no cover"",
            ""class MockAutograph(object): # pragma: no cover"",
            ""    @staticmethod # pragma: no cover"",
            ""    def tf_convert(fn, ctx, convert_by_default): # pragma: no cover"",
            ""        return fn # pragma: no cover"",
            ""autograph = MockAutograph() # pragma: no cover"",
            ""class MockAutographCtx(object): # pragma: no cover"",
            ""    @staticmethod # pragma: no cover"",
            ""    def control_status_ctx(): # pragma: no cover"",
            ""        return None # pragma: no cover"",
            ""autograph_ctx = MockAutographCtx() # pragma: no cover"",
            ""class MockSelf(object): # pragma: no cover"",
            ""    class ContainerStrategy(object): # pragma: no cover"",
            ""        def scope(self): # pragma: no cover"",
            ""            return self # pragma: no cover"",
            ""        def __enter__(self): # pragma: no cover"",
            ""            return self # pragma: no cover"",
            ""        def __exit__(self, exc_type, exc_val, exc_tb): # pragma: no cover"",
            ""            pass # pragma: no cover"",
            ""    def _container_strategy(self): # pragma: no cover"",
            ""        return self.ContainerStrategy() # pragma: no cover"",
            ""    def _update(self, var, fn, args, kwargs, group): # pragma: no cover"",
            ""        return var # pragma: no cover"",
            ""    def _replica_ctx_update(self, var, fn, args, kwargs, group): # pragma: no cover"",
            ""        return var # pragma: no cover"",
            ""self = MockSelf() # pragma: no cover"",
            ""args = () # pragma: no cover"",
            ""group = True # pragma: no cover"",
            ""fn = lambda v: v.assign(1.0) # pragma: no cover""
        ]
    },
    {
        ""imports"": [
            """"
        ],
        ""initialization"": [
            ""kwargs = {} # pragma: no cover"",
            ""class MockDistributionStrategyContext(object): # pragma: no cover"",
            ""    @staticmethod # pragma: no cover"",
            ""    def get_replica_context(): # pragma: no cover"",
            ""        return None # pragma: no cover"",
            ""    @staticmethod # pragma: no cover"",
            ""    def _get_default_replica_context(): # pragma: no cover"",
            ""        return None # pragma: no cover"",
            ""distribution_strategy_context = MockDistributionStrategyContext() # pragma: no cover"",
            ""class MockAutograph(object): # pragma: no cover"",
            ""    @staticmethod # pragma: no cover"",
            ""    def tf_convert(fn, ctx, convert_by_default): # pragma: no cover"",
            ""        return fn # pragma: no cover"",
            ""autograph = MockAutograph() # pragma: no cover"",
            ""class MockAutographCtx(object): # pragma: no cover"",
            ""    @staticmethod # pragma: no cover"",
            ""    def control_status_ctx(): # pragma: no cover"",
            ""        return None # pragma: no cover"",
            ""autograph_ctx = MockAutographCtx() # pragma: no cover"",
            ""class MockSelf(object): # pragma: no cover"",
            ""    class ContainerStrategy(object): # pragma: no cover"",
            ""        def __enter__(self): # pragma: no cover"",
            ""            return self # pragma: no cover"",
            ""        def __exit__(self, exc_type, exc_value, traceback): # pragma: no cover"",
            ""            pass # pragma: no cover"",
            ""    def _container_strategy(self): # pragma: no cover"",
            ""        return self.ContainerStrategy() # pragma: no cover"",
            ""    def scope(self): # pragma: no cover"",
            ""        pass # pragma: no cover"",
            ""    def _update(self, var, fn, args, kwargs, group): # pragma: no cover"",
            ""        return var # pragma: no cover"",
            ""    def _replica_ctx_update(self, var, fn, args, kwargs, group): # pragma: no cover"",
            ""        return var # pragma: no cover"",
            ""self = MockSelf() # pragma: no cover"",
            ""group = True # pragma: no cover"",
            ""fn = lambda v: v.assign(1.0) # pragma: no cover""
        ]
    },
    {
        ""imports"": [
            """"
        ],
        ""initialization"": [
            ""kwargs = {} # pragma: no cover"",
            ""class MockDistributionStrategyContext(object): # pragma: no cover"",
            ""    @staticmethod # pragma: no cover"",
            ""    def get_replica_context(): # pragma: no cover"",
            ""        return None # pragma: no cover"",
            ""    @staticmethod # pragma: no cover"",
            ""    def _get_default_replica_context(): # pragma: no cover"",
            ""        return None # pragma: no cover"",
            ""distribution_strategy_context = MockDistributionStrategyContext() # pragma: no cover"",
            ""class MockAutograph(object): # pragma: no cover"",
            ""    @staticmethod # pragma: no cover"",
            ""    def tf_convert(fn, ctx, convert_by_default): # pragma: no cover"",
            ""        return fn # pragma: no cover"",
            ""autograph = MockAutograph() # pragma: no cover"",
            ""class MockAutographCtx(object): # pragma: no cover"",
            ""    @staticmethod # pragma: no cover"",
            ""    def control_status_ctx(): # pragma: no cover"",
            ""        return None # pragma: no cover"",
            ""autograph_ctx = MockAutographCtx() # pragma: no cover"",
            ""class MockStrategy(object): # pragma: no cover"",
            ""    def scope(self): # pragma: no cover"",
            ""        return self # pragma: no cover"",
            ""    def __enter__(self): # pragma: no cover"",
            ""        return self # pragma: no cover"",
            ""    def __exit__(self, exc_type, exc_value, traceback): # pragma: no cover"",
            ""        pass # pragma: no cover"",
            ""class MockSelf(object): # pragma: no cover"",
            ""    def _container_strategy(self): # pragma: no cover"",
            ""        return MockStrategy() # pragma: no cover"",
            ""    def _update(self, var, fn, args, kwargs, group): # pragma: no cover"",
            ""        return var # pragma: no cover"",
            ""    def _replica_ctx_update(self, var, fn, args, kwargs, group): # pragma: no cover"",
            ""        return var # pragma: no cover"",
            ""self = MockSelf() # pragma: no cover"",
            ""args = () # pragma: no cover"",
            ""group = True # pragma: no cover"",
            ""fn = lambda v: v.assign(1.0) # pragma: no cover""
        ]
    },
    {
        ""imports"": [
            """"
        ],
        ""initialization"": [
            ""kwargs = {} # pragma: no cover"",
            ""class MockDistributionStrategyContext(object): # pragma: no cover"",
            ""    @staticmethod # pragma: no cover"",
            ""    def get_replica_context(): # pragma: no cover"",
            ""        return None # pragma: no cover"",
            ""    @staticmethod # pragma: no cover"",
            ""    def _get_default_replica_context(): # pragma: no cover"",
            ""        return None # pragma: no cover"",
            ""distribution_strategy_context = MockDistributionStrategyContext() # pragma: no cover"",
            ""class MockAutograph(object): # pragma: no cover"",
            ""    @staticmethod # pragma: no cover"",
            ""    def tf_convert(fn, ctx, convert_by_default): # pragma: no cover"",
            ""        return fn # pragma: no cover"",
            ""autograph = MockAutograph() # pragma: no cover"",
            ""class MockAutographCtx(object): # pragma: no cover"",
            ""    @staticmethod # pragma: no cover"",
            ""    def control_status_ctx(): # pragma: no cover"",
            ""        return None # pragma: no cover"",
            ""autograph_ctx = MockAutographCtx() # pragma: no cover"",
            ""class MockSelf(object): # pragma: no cover"",
            ""    def _container_strategy(self): # pragma: no cover"",
            ""        return self # pragma: no cover"",
            ""    def scope(self): # pragma: no cover"",
            ""        yield None # pragma: no cover"",
            ""    def _update(self, var, fn, args, kwargs, group): # pragma: no cover"",
            ""        return var # pragma: no cover"",
            ""    def _replica_ctx_update(self, var, fn, args, kwargs, group): # pragma: no cover"",
            ""        return var # pragma: no cover"",
            ""self = MockSelf() # pragma: no cover"",
            ""args = [1.0] # pragma: no cover"",
            ""group = True # pragma: no cover"",
            ""fn = lambda v, x: v.assign_add(x) # pragma: no cover""
        ]
    }
]",2,4027,0.0020135,3790,0.005685,0.0076985
"When trying to execute the code snippet with the provided imports and initialization, the following error happens:
# begin error message
Execution error at line 88:
    fn = autograph.tf_convert(
NameError: name 'autograph' is not defined
# end error message

Please, provide self-contained and concrete Python fixed values of the imports and initialization to solve the error and make the code snippet executable.
Respond strictly with JSON. The JSON should be compatible with the TypeScript type `Response` from the following:

```ts
interface Response {
// Python import statements needed in the initialization code. One string per import.
imports: string[];
// Python code to initialize the undefined variables and make the code snippet executable. One string per undefined variable. The statements in the code snippet above are not part of the initialization of undefined variables. Therefore, their copy or modified versions should not be added here. The values should be self-contained and concrete, i.e. without assumptions or expected replacements of any code that is not present in the code snippet. In case there are undefined attributes or methods and the attribute or method base is not initialized, initialize the attribute or method base using type(""Mock"", bases, dict), where bases is a tuple containing the base classes that the Mock object inherits from, e.g. object, and dict is a dictionary containing the initialization of the undefined attributes and methods in the code snippet.
initialization: string[];
}
```","[
    {
        ""imports"": [
            ""import tensorflow as tf"",
            ""from tensorflow.python.autograph import autograph""
        ],
        ""initialization"": [
            ""kwargs = {}"",
            ""class MockDistributionStrategyContext: \n    @staticmethod\n    def get_replica_context(): \n        return None\n    @staticmethod\n    def _get_default_replica_context(): \n        return None\n\ndistribution_strategy_context = MockDistributionStrategyContext()"",
            ""class MockAutograph: \n    @staticmethod\n    def tf_convert(fn, ctx, convert_by_default): \n        return fn\n\nautograph = MockAutograph()"",
            ""class MockAutographCtx: \n    @staticmethod\n    def control_status_ctx(): \n        return None\n\nautograph_ctx = MockAutographCtx()"",
            ""fn = lambda v, *args, **kwargs: v.assign_add(args[0])"",
            ""class MockSelf: \n    def _container_strategy(self): \n        return self\n    def scope(self): \n        pass\n    def _update(self, var, fn, args, kwargs, group): \n        return var\n    def _replica_ctx_update(self, var, fn, args, kwargs, group): \n        return var\nself = MockSelf()"",
            ""var = tf.Variable(5.0, aggregation=tf.VariableAggregation.SUM)"",
            ""args = (1.0,)"",
            ""group = True""
        ]
    },
    {
        ""imports"": [
            ""import tensorflow as tf""
        ],
        ""initialization"": [
            ""kwargs = {}"",
            ""class MockDistributionStrategyContext(object):"",
            ""    @staticmethod"",
            ""    def get_replica_context():"",
            ""        return None"",
            ""    @staticmethod"",
            ""    def _get_default_replica_context():"",
            ""        return None"",
            ""distribution_strategy_context = MockDistributionStrategyContext()"",
            ""class MockAutograph(object):"",
            ""    @staticmethod"",
            ""    def tf_convert(fn, ctx, convert_by_default):"",
            ""        return fn"",
            ""autograph = MockAutograph()"",
            ""class MockAutographCtx(object):"",
            ""    @staticmethod"",
            ""    def control_status_ctx():"",
            ""        return None"",
            ""autograph_ctx = MockAutographCtx()"",
            ""class MockSelf(object):"",
            ""    def _container_strategy(self):"",
            ""        return self"",
            ""    def scope(self):"",
            ""        class Scope:"",
            ""            def __enter__(self):"",
            ""                return self"",
            ""            def __exit__(self, exc_type, exc_val, exc_tb):"",
            ""                pass"",
            ""        return Scope()"",
            ""    def _update(self, var, fn, args, kwargs, group):"",
            ""        return var"",
            ""    def _replica_ctx_update(self, var, fn, args, kwargs, group):"",
            ""        return var"",
            ""self = MockSelf()"",
            ""var = tf.Variable(5.0, aggregation=tf.VariableAggregation.SUM)"",
            ""args = (1.0,)"",
            ""group = True"",
            ""fn = lambda v: v.assign_add(args[0])""
        ]
    },
    {
        ""imports"": [
            ""import tensorflow as tf""
        ],
        ""initialization"": [
            ""kwargs = {}"",
            ""class MockDistributionStrategyContext: \n    @staticmethod\n    def get_replica_context(): \n        return None\n    @staticmethod\n    def _get_default_replica_context(): \n        return None\n\ndistribution_strategy_context = MockDistributionStrategyContext()"",
            ""class MockAutograph: \n    @staticmethod\n    def tf_convert(fn, ctx, convert_by_default): \n        return fn\n\nautograph = MockAutograph()"",
            ""class MockAutographContext: \n    @staticmethod\n    def control_status_ctx(): \n        return None\n\nautograph_ctx = MockAutographContext()"",
            ""class MockSelf: \n    def _container_strategy(self): \n        return self\n    def scope(self): \n        return self\n    def _update(self, var, fn, args, kwargs, group): \n        return var\n    def _replica_ctx_update(self, var, fn, args, kwargs, group): \n        return var\nself = MockSelf()"",
            ""var = tf.Variable(5.0, aggregation=tf.VariableAggregation.SUM)\n"",
            ""args = (1.0,)"",
            ""group = True"",
            ""fn = lambda v: v.assign(1.0)""
        ]
    },
    {
        ""imports"": [
            ""import tensorflow as tf""
        ],
        ""initialization"": [
            ""kwargs = {}"",
            ""class MockDistributionStrategyContext: \n    @staticmethod\n    def get_replica_context(): \n        return None\n    @staticmethod\n    def _get_default_replica_context(): \n        return None\n\ndistribution_strategy_context = MockDistributionStrategyContext()"",
            ""class MockAutograph: \n    @staticmethod\n    def tf_convert(fn, ctx, convert_by_default): \n        return fn\n\nautograph = MockAutograph()"",
            ""class MockAutographCtx: \n    @staticmethod\n    def control_status_ctx(): \n        return None\n\nautograph_ctx = MockAutographCtx()"",
            ""class MockSelf: \n    def _container_strategy(self): \n        return self\n    def scope(self): \n        pass \n    def _update(self, var, fn, args, kwargs, group): \n        return var\n    def _replica_ctx_update(self, var, fn, args, kwargs, group): \n        return var\nself = MockSelf()"",
            ""var = tf.Variable(5.0, aggregation=tf.VariableAggregation.SUM, dtype=tf.float32)"",
            ""args = (1.0,)"",
            ""group = True"",
            ""fn = lambda v: v.assign(1.0)""
        ]
    },
    {
        ""imports"": [
            ""import tensorflow as tf""
        ],
        ""initialization"": [
            ""kwargs = {}"",
            ""class MockDistributionStrategyContext: \n    @staticmethod\n    def get_replica_context(): \n        return None\n    @staticmethod\n    def _get_default_replica_context(): \n        return None\n\ndistribution_strategy_context = MockDistributionStrategyContext()"",
            ""class MockAutograph: \n    @staticmethod\n    def tf_convert(fn, ctx, convert_by_default): \n        return fn\n\nautograph = MockAutograph()"",
            ""class MockAutographCtx: \n    @staticmethod\n    def control_status_ctx(): \n        return None\n\nautograph_ctx = MockAutographCtx()"",
            ""class MockSelf: \n    def _container_strategy(self): \n        return self\n    def scope(self): \n        return self\n    def _update(self, var, fn, args, kwargs, group): \n        return var\n    def _replica_ctx_update(self, var, fn, args, kwargs, group): \n        return var\nself = MockSelf()"",
            ""var = tf.Variable(5.0, dtype=tf.float32, aggregation=tf.VariableAggregation.SUM)"",
            ""args = (1.0,)"",
            ""group = True"",
            ""fn = lambda v: v.assign(1.0)""
        ]
    },
    {
        ""imports"": [
            ""import tensorflow as tf"",
            ""from tensorflow.python.autograph import autograph""
        ],
        ""initialization"": [
            ""kwargs = {}"",
            ""class MockDistributionStrategyContext: \n    @staticmethod\n    def get_replica_context(): \n        return None\n    @staticmethod\n    def _get_default_replica_context(): \n        return None\n\ndistribution_strategy_context = MockDistributionStrategyContext()"",
            ""class MockAutograph: \n    @staticmethod\n    def tf_convert(fn, ctx, convert_by_default): \n        return fn\n\nautograph = MockAutograph()"",
            ""class MockAutographContext: \n    @staticmethod\n    def control_status_ctx(): \n        return None\n\nautograph_ctx = MockAutographContext()"",
            ""class MockSelf: \n    def _container_strategy(self): \n        return self \n    def scope(self): \n        return self  # Mocking 'with' context manager behavior\n    def __enter__(self): \n        return self \n    def __exit__(self, exc_type, exc_value, traceback): \n        pass \n    def _update(self, var, fn, args, kwargs, group): \n        return var \n    def _replica_ctx_update(self, var, fn, args, kwargs, group): \n        return var\nself = MockSelf()"",
            ""var = tf.Variable(5.0, aggregation=tf.VariableAggregation.SUM)"",
            ""args = (1.0,)"",
            ""group = True"",
            ""fn = lambda v: v.assign(1.0)""
        ]
    },
    {
        ""imports"": [
            ""import tensorflow as tf"",
            ""from tensorflow.python.autograph import autograph""
        ],
        ""initialization"": [
            ""kwargs = {}"",
            ""class MockDistributionStrategyContext: \n    @staticmethod\n    def get_replica_context(): \n        return None\n    @staticmethod\n    def _get_default_replica_context(): \n        return None"",
            ""distribution_strategy_context = MockDistributionStrategyContext()"",
            ""class MockAutograph: \n    @staticmethod\n    def tf_convert(fn, ctx, convert_by_default): \n        return fn"",
            ""autograph = MockAutograph()"",
            ""class MockAutographCtx: \n    @staticmethod\n    def control_status_ctx(): \n        return None"",
            ""autograph_ctx = MockAutographCtx()"",
            ""class MockSelf: \n    def _container_strategy(self): \n        return self\n    def scope(self): \n        pass\n    def _update(self, var, fn, args, kwargs, group): \n        return var \n    def _replica_ctx_update(self, var, fn, args, kwargs, group): \n        return var"",
            ""self = MockSelf()"",
            ""var = tf.Variable(5.0, aggregation=tf.VariableAggregation.SUM)"",
            ""args = (1.0,)"",
            ""group = True"",
            ""fn = lambda v: v.assign(1.0)""
        ]
    },
    {
        ""imports"": [
            ""import tensorflow as tf"",
            ""from tensorflow.python.autograph import autograph""
        ],
        ""initialization"": [
            ""kwargs = {}"",
            ""class MockDistributionStrategyContext:"",
            ""    @staticmethod"",
            ""    def get_replica_context():"",
            ""        return None"",
            ""    @staticmethod"",
            ""    def _get_default_replica_context():"",
            ""        return None"",
            ""distribution_strategy_context = MockDistributionStrategyContext()"",
            ""class MockAutographCtx:"",
            ""    @staticmethod"",
            ""    def control_status_ctx():"",
            ""        return None"",
            ""autograph_ctx = MockAutographCtx()"",
            ""autograph.tf_convert = lambda fn, ctx, convert_by_default: fn"",
            ""class MockSelf:"",
            ""    def _container_strategy(self):"",
            ""        return self"",
            ""    def scope(self):"",
            ""        pass"",
            ""    def _update(self, var, fn, args, kwargs, group):"",
            ""        return var"",
            ""    def _replica_ctx_update(self, var, fn, args, kwargs, group):"",
            ""        return var"",
            ""self = MockSelf()"",
            ""var = tf.Variable(5.0, dtype=tf.float32)"",
            ""args = (1.0,)"",
            ""group = True"",
            ""fn = lambda v: v.assign(1.0)""
        ]
    },
    {
        ""imports"": [
            ""import tensorflow as tf"",
            ""from tensorflow.python.autograph import autograph""
        ],
        ""initialization"": [
            ""kwargs = {}"",
            ""class MockDistributionStrategyContext(object):"",
            ""    @staticmethod"",
            ""    def get_replica_context():"",
            ""        return None"",
            ""    @staticmethod"",
            ""    def _get_default_replica_context():"",
            ""        return None"",
            ""distribution_strategy_context = MockDistributionStrategyContext()"",
            ""class MockAutograph(object):"",
            ""    @staticmethod"",
            ""    def tf_convert(fn, ctx, convert_by_default):"",
            ""        return fn"",
            ""autograph = MockAutograph()"",
            ""class MockAutographCtx(object):"",
            ""    @staticmethod"",
            ""    def control_status_ctx():"",
            ""        return None"",
            ""autograph_ctx = MockAutographCtx()"",
            ""class MockSelf(object):"",
            ""    def _container_strategy(self):"",
            ""        return self"",
            ""    def scope(self):"",
            ""        return self"",
            ""    def _update(self, var, fn, args, kwargs, group):"",
            ""        return var"",
            ""    def _replica_ctx_update(self, var, fn, args, kwargs, group):"",
            ""        return var"",
            ""self = MockSelf()"",
            ""var = tf.Variable(5.0, aggregation=tf.VariableAggregation.SUM)"",
            ""args = (1.0,)"",
            ""group = True"",
            ""fn = lambda v: v.assign(1.0)""
        ]
    },
    {
        ""imports"": [
            ""import tensorflow as tf"",
            ""from tensorflow.python.autograph import autograph""
        ],
        ""initialization"": [
            ""kwargs = {}"",
            ""class MockDistributionStrategyContext: \n    @staticmethod\n    def get_replica_context(): \n        return None\n    @staticmethod\n    def _get_default_replica_context(): \n        return None\n\ndistribution_strategy_context = MockDistributionStrategyContext()"",
            ""class MockAutograph: \n    @staticmethod\n    def tf_convert(fn, ctx, convert_by_default): \n        return fn\n\nautograph = MockAutograph()"",
            ""class MockAutographContext: \n    @staticmethod\n    def control_status_ctx(): \n        return None\n\nautograph_ctx = MockAutographContext()"",
            ""class MockSelf: \n    def _container_strategy(self): \n        return self\n    def scope(self): \n        return self\n    def _update(self, var, fn, args, kwargs, group): \n        return var\n    def _replica_ctx_update(self, var, fn, args, kwargs, group): \n        return var\nself = MockSelf()"",
            ""var = tf.Variable(5.0, aggregation=tf.VariableAggregation.SUM)"",
            ""args = (1.0,)"",
            ""group = True"",
            ""fn = lambda v: v.assign(1.0)""
        ]
    }
]","[
    {
        ""imports"": [
            """"
        ],
        ""initialization"": [
            ""kwargs = {} # pragma: no cover"",
            ""class MockDistributionStrategyContext: # pragma: no cover"",
            ""    @staticmethod# pragma: no cover"",
            ""    def get_replica_context(): # pragma: no cover"",
            ""        return None# pragma: no cover"",
            ""    @staticmethod# pragma: no cover"",
            ""    def _get_default_replica_context(): # pragma: no cover"",
            ""        return None# pragma: no cover"",
            ""# pragma: no cover"",
            ""distribution_strategy_context = MockDistributionStrategyContext() # pragma: no cover"",
            ""class MockAutograph: # pragma: no cover"",
            ""    @staticmethod# pragma: no cover"",
            ""    def tf_convert(fn, ctx, convert_by_default): # pragma: no cover"",
            ""        return fn# pragma: no cover"",
            ""# pragma: no cover"",
            ""autograph = MockAutograph() # pragma: no cover"",
            ""class MockAutographCtx: # pragma: no cover"",
            ""    @staticmethod# pragma: no cover"",
            ""    def control_status_ctx(): # pragma: no cover"",
            ""        return None# pragma: no cover"",
            ""# pragma: no cover"",
            ""autograph_ctx = MockAutographCtx() # pragma: no cover"",
            ""fn = lambda v, *args, **kwargs: v.assign_add(args[0]) # pragma: no cover"",
            ""class MockSelf: # pragma: no cover"",
            ""    def _container_strategy(self): # pragma: no cover"",
            ""        return self# pragma: no cover"",
            ""    def scope(self): # pragma: no cover"",
            ""        pass# pragma: no cover"",
            ""    def _update(self, var, fn, args, kwargs, group): # pragma: no cover"",
            ""        return var# pragma: no cover"",
            ""    def _replica_ctx_update(self, var, fn, args, kwargs, group): # pragma: no cover"",
            ""        return var# pragma: no cover"",
            ""self = MockSelf() # pragma: no cover"",
            ""args = (1.0,) # pragma: no cover"",
            ""group = True # pragma: no cover""
        ]
    },
    {
        ""imports"": [
            """"
        ],
        ""initialization"": [
            ""kwargs = {} # pragma: no cover"",
            ""class MockDistributionStrategyContext(object): # pragma: no cover"",
            ""    @staticmethod # pragma: no cover"",
            ""    def get_replica_context(): # pragma: no cover"",
            ""        return None # pragma: no cover"",
            ""    @staticmethod # pragma: no cover"",
            ""    def _get_default_replica_context(): # pragma: no cover"",
            ""        return None # pragma: no cover"",
            ""distribution_strategy_context = MockDistributionStrategyContext() # pragma: no cover"",
            ""class MockAutograph(object): # pragma: no cover"",
            ""    @staticmethod # pragma: no cover"",
            ""    def tf_convert(fn, ctx, convert_by_default): # pragma: no cover"",
            ""        return fn # pragma: no cover"",
            ""autograph = MockAutograph() # pragma: no cover"",
            ""class MockAutographCtx(object): # pragma: no cover"",
            ""    @staticmethod # pragma: no cover"",
            ""    def control_status_ctx(): # pragma: no cover"",
            ""        return None # pragma: no cover"",
            ""autograph_ctx = MockAutographCtx() # pragma: no cover"",
            ""class MockSelf(object): # pragma: no cover"",
            ""    def _container_strategy(self): # pragma: no cover"",
            ""        return self # pragma: no cover"",
            ""    def scope(self): # pragma: no cover"",
            ""        class Scope: # pragma: no cover"",
            ""            def __enter__(self): # pragma: no cover"",
            ""                return self # pragma: no cover"",
            ""            def __exit__(self, exc_type, exc_val, exc_tb): # pragma: no cover"",
            ""                pass # pragma: no cover"",
            ""        return Scope() # pragma: no cover"",
            ""    def _update(self, var, fn, args, kwargs, group): # pragma: no cover"",
            ""        return var # pragma: no cover"",
            ""    def _replica_ctx_update(self, var, fn, args, kwargs, group): # pragma: no cover"",
            ""        return var # pragma: no cover"",
            ""self = MockSelf() # pragma: no cover"",
            ""args = (1.0,) # pragma: no cover"",
            ""group = True # pragma: no cover"",
            ""fn = lambda v: v.assign_add(args[0]) # pragma: no cover""
        ]
    },
    {
        ""imports"": [
            """"
        ],
        ""initialization"": [
            ""kwargs = {} # pragma: no cover"",
            ""class MockDistributionStrategyContext: # pragma: no cover"",
            ""    @staticmethod# pragma: no cover"",
            ""    def get_replica_context(): # pragma: no cover"",
            ""        return None# pragma: no cover"",
            ""    @staticmethod# pragma: no cover"",
            ""    def _get_default_replica_context(): # pragma: no cover"",
            ""        return None# pragma: no cover"",
            ""# pragma: no cover"",
            ""distribution_strategy_context = MockDistributionStrategyContext() # pragma: no cover"",
            ""class MockAutograph: # pragma: no cover"",
            ""    @staticmethod# pragma: no cover"",
            ""    def tf_convert(fn, ctx, convert_by_default): # pragma: no cover"",
            ""        return fn# pragma: no cover"",
            ""# pragma: no cover"",
            ""autograph = MockAutograph() # pragma: no cover"",
            ""class MockAutographContext: # pragma: no cover"",
            ""    @staticmethod# pragma: no cover"",
            ""    def control_status_ctx(): # pragma: no cover"",
            ""        return None# pragma: no cover"",
            ""# pragma: no cover"",
            ""autograph_ctx = MockAutographContext() # pragma: no cover"",
            ""class MockSelf: # pragma: no cover"",
            ""    def _container_strategy(self): # pragma: no cover"",
            ""        return self# pragma: no cover"",
            ""    def scope(self): # pragma: no cover"",
            ""        return self# pragma: no cover"",
            ""    def _update(self, var, fn, args, kwargs, group): # pragma: no cover"",
            ""        return var# pragma: no cover"",
            ""    def _replica_ctx_update(self, var, fn, args, kwargs, group): # pragma: no cover"",
            ""        return var# pragma: no cover"",
            ""self = MockSelf() # pragma: no cover"",
            "" # pragma: no cover"",
            ""args = (1.0,) # pragma: no cover"",
            ""group = True # pragma: no cover"",
            ""fn = lambda v: v.assign(1.0) # pragma: no cover""
        ]
    },
    {
        ""imports"": [
            """"
        ],
        ""initialization"": [
            ""kwargs = {} # pragma: no cover"",
            ""class MockDistributionStrategyContext: # pragma: no cover"",
            ""    @staticmethod# pragma: no cover"",
            ""    def get_replica_context(): # pragma: no cover"",
            ""        return None# pragma: no cover"",
            ""    @staticmethod# pragma: no cover"",
            ""    def _get_default_replica_context(): # pragma: no cover"",
            ""        return None# pragma: no cover"",
            ""# pragma: no cover"",
            ""distribution_strategy_context = MockDistributionStrategyContext() # pragma: no cover"",
            ""class MockAutograph: # pragma: no cover"",
            ""    @staticmethod# pragma: no cover"",
            ""    def tf_convert(fn, ctx, convert_by_default): # pragma: no cover"",
            ""        return fn# pragma: no cover"",
            ""# pragma: no cover"",
            ""autograph = MockAutograph() # pragma: no cover"",
            ""class MockAutographCtx: # pragma: no cover"",
            ""    @staticmethod# pragma: no cover"",
            ""    def control_status_ctx(): # pragma: no cover"",
            ""        return None# pragma: no cover"",
            ""# pragma: no cover"",
            ""autograph_ctx = MockAutographCtx() # pragma: no cover"",
            ""class MockSelf: # pragma: no cover"",
            ""    def _container_strategy(self): # pragma: no cover"",
            ""        return self# pragma: no cover"",
            ""    def scope(self): # pragma: no cover"",
            ""        pass # pragma: no cover"",
            ""    def _update(self, var, fn, args, kwargs, group): # pragma: no cover"",
            ""        return var# pragma: no cover"",
            ""    def _replica_ctx_update(self, var, fn, args, kwargs, group): # pragma: no cover"",
            ""        return var# pragma: no cover"",
            ""self = MockSelf() # pragma: no cover"",
            ""args = (1.0,) # pragma: no cover"",
            ""group = True # pragma: no cover"",
            ""fn = lambda v: v.assign(1.0) # pragma: no cover""
        ]
    },
    {
        ""imports"": [
            """"
        ],
        ""initialization"": [
            ""kwargs = {} # pragma: no cover"",
            ""class MockDistributionStrategyContext: # pragma: no cover"",
            ""    @staticmethod# pragma: no cover"",
            ""    def get_replica_context(): # pragma: no cover"",
            ""        return None# pragma: no cover"",
            ""    @staticmethod# pragma: no cover"",
            ""    def _get_default_replica_context(): # pragma: no cover"",
            ""        return None# pragma: no cover"",
            ""# pragma: no cover"",
            ""distribution_strategy_context = MockDistributionStrategyContext() # pragma: no cover"",
            ""class MockAutograph: # pragma: no cover"",
            ""    @staticmethod# pragma: no cover"",
            ""    def tf_convert(fn, ctx, convert_by_default): # pragma: no cover"",
            ""        return fn# pragma: no cover"",
            ""# pragma: no cover"",
            ""autograph = MockAutograph() # pragma: no cover"",
            ""class MockAutographCtx: # pragma: no cover"",
            ""    @staticmethod# pragma: no cover"",
            ""    def control_status_ctx(): # pragma: no cover"",
            ""        return None# pragma: no cover"",
            ""# pragma: no cover"",
            ""autograph_ctx = MockAutographCtx() # pragma: no cover"",
            ""class MockSelf: # pragma: no cover"",
            ""    def _container_strategy(self): # pragma: no cover"",
            ""        return self# pragma: no cover"",
            ""    def scope(self): # pragma: no cover"",
            ""        return self# pragma: no cover"",
            ""    def _update(self, var, fn, args, kwargs, group): # pragma: no cover"",
            ""        return var# pragma: no cover"",
            ""    def _replica_ctx_update(self, var, fn, args, kwargs, group): # pragma: no cover"",
            ""        return var# pragma: no cover"",
            ""self = MockSelf() # pragma: no cover"",
            ""args = (1.0,) # pragma: no cover"",
            ""group = True # pragma: no cover"",
            ""fn = lambda v: v.assign(1.0) # pragma: no cover""
        ]
    },
    {
        ""imports"": [
            """"
        ],
        ""initialization"": [
            ""kwargs = {} # pragma: no cover"",
            ""class MockDistributionStrategyContext: # pragma: no cover"",
            ""    @staticmethod# pragma: no cover"",
            ""    def get_replica_context(): # pragma: no cover"",
            ""        return None# pragma: no cover"",
            ""    @staticmethod# pragma: no cover"",
            ""    def _get_default_replica_context(): # pragma: no cover"",
            ""        return None# pragma: no cover"",
            ""# pragma: no cover"",
            ""distribution_strategy_context = MockDistributionStrategyContext() # pragma: no cover"",
            ""class MockAutograph: # pragma: no cover"",
            ""    @staticmethod# pragma: no cover"",
            ""    def tf_convert(fn, ctx, convert_by_default): # pragma: no cover"",
            ""        return fn# pragma: no cover"",
            ""# pragma: no cover"",
            ""autograph = MockAutograph() # pragma: no cover"",
            ""class MockAutographContext: # pragma: no cover"",
            ""    @staticmethod# pragma: no cover"",
            ""    def control_status_ctx(): # pragma: no cover"",
            ""        return None# pragma: no cover"",
            ""# pragma: no cover"",
            ""autograph_ctx = MockAutographContext() # pragma: no cover"",
            ""class MockSelf: # pragma: no cover"",
            ""    def _container_strategy(self): # pragma: no cover"",
            ""        return self # pragma: no cover"",
            ""    def scope(self): # pragma: no cover"",
            ""        return self  # Mocking 'with' context manager behavior# pragma: no cover"",
            ""    def __enter__(self): # pragma: no cover"",
            ""        return self # pragma: no cover"",
            ""    def __exit__(self, exc_type, exc_value, traceback): # pragma: no cover"",
            ""        pass # pragma: no cover"",
            ""    def _update(self, var, fn, args, kwargs, group): # pragma: no cover"",
            ""        return var # pragma: no cover"",
            ""    def _replica_ctx_update(self, var, fn, args, kwargs, group): # pragma: no cover"",
            ""        return var# pragma: no cover"",
            ""self = MockSelf() # pragma: no cover"",
            ""args = (1.0,) # pragma: no cover"",
            ""group = True # pragma: no cover"",
            ""fn = lambda v: v.assign(1.0) # pragma: no cover""
        ]
    },
    {
        ""imports"": [
            """"
        ],
        ""initialization"": [
            ""kwargs = {} # pragma: no cover"",
            ""class MockDistributionStrategyContext: # pragma: no cover"",
            ""    @staticmethod# pragma: no cover"",
            ""    def get_replica_context(): # pragma: no cover"",
            ""        return None# pragma: no cover"",
            ""    @staticmethod# pragma: no cover"",
            ""    def _get_default_replica_context(): # pragma: no cover"",
            ""        return None # pragma: no cover"",
            ""distribution_strategy_context = MockDistributionStrategyContext() # pragma: no cover"",
            ""class MockAutograph: # pragma: no cover"",
            ""    @staticmethod# pragma: no cover"",
            ""    def tf_convert(fn, ctx, convert_by_default): # pragma: no cover"",
            ""        return fn # pragma: no cover"",
            ""autograph = MockAutograph() # pragma: no cover"",
            ""class MockAutographCtx: # pragma: no cover"",
            ""    @staticmethod# pragma: no cover"",
            ""    def control_status_ctx(): # pragma: no cover"",
            ""        return None # pragma: no cover"",
            ""autograph_ctx = MockAutographCtx() # pragma: no cover"",
            ""class MockSelf: # pragma: no cover"",
            ""    def _container_strategy(self): # pragma: no cover"",
            ""        return self# pragma: no cover"",
            ""    def scope(self): # pragma: no cover"",
            ""        pass# pragma: no cover"",
            ""    def _update(self, var, fn, args, kwargs, group): # pragma: no cover"",
            ""        return var # pragma: no cover"",
            ""    def _replica_ctx_update(self, var, fn, args, kwargs, group): # pragma: no cover"",
            ""        return var # pragma: no cover"",
            ""self = MockSelf() # pragma: no cover"",
            ""args = (1.0,) # pragma: no cover"",
            ""group = True # pragma: no cover"",
            ""fn = lambda v: v.assign(1.0) # pragma: no cover""
        ]
    },
    {
        ""imports"": [
            """"
        ],
        ""initialization"": [
            ""kwargs = {} # pragma: no cover"",
            ""class MockDistributionStrategyContext: # pragma: no cover"",
            ""    @staticmethod # pragma: no cover"",
            ""    def get_replica_context(): # pragma: no cover"",
            ""        return None # pragma: no cover"",
            ""    @staticmethod # pragma: no cover"",
            ""    def _get_default_replica_context(): # pragma: no cover"",
            ""        return None # pragma: no cover"",
            ""distribution_strategy_context = MockDistributionStrategyContext() # pragma: no cover"",
            ""class MockAutographCtx: # pragma: no cover"",
            ""    @staticmethod # pragma: no cover"",
            ""    def control_status_ctx(): # pragma: no cover"",
            ""        return None # pragma: no cover"",
            ""autograph_ctx = MockAutographCtx() # pragma: no cover"",
            ""class MockSelf: # pragma: no cover"",
            ""    def _container_strategy(self): # pragma: no cover"",
            ""        return self # pragma: no cover"",
            ""    def scope(self): # pragma: no cover"",
            ""        pass # pragma: no cover"",
            ""    def _update(self, var, fn, args, kwargs, group): # pragma: no cover"",
            ""        return var # pragma: no cover"",
            ""    def _replica_ctx_update(self, var, fn, args, kwargs, group): # pragma: no cover"",
            ""        return var # pragma: no cover"",
            ""self = MockSelf() # pragma: no cover"",
            ""args = (1.0,) # pragma: no cover"",
            ""group = True # pragma: no cover"",
            ""fn = lambda v: v.assign(1.0) # pragma: no cover""
        ]
    },
    {
        ""imports"": [
            """"
        ],
        ""initialization"": [
            ""kwargs = {} # pragma: no cover"",
            ""class MockDistributionStrategyContext(object): # pragma: no cover"",
            ""    @staticmethod # pragma: no cover"",
            ""    def get_replica_context(): # pragma: no cover"",
            ""        return None # pragma: no cover"",
            ""    @staticmethod # pragma: no cover"",
            ""    def _get_default_replica_context(): # pragma: no cover"",
            ""        return None # pragma: no cover"",
            ""distribution_strategy_context = MockDistributionStrategyContext() # pragma: no cover"",
            ""class MockAutograph(object): # pragma: no cover"",
            ""    @staticmethod # pragma: no cover"",
            ""    def tf_convert(fn, ctx, convert_by_default): # pragma: no cover"",
            ""        return fn # pragma: no cover"",
            ""autograph = MockAutograph() # pragma: no cover"",
            ""class MockAutographCtx(object): # pragma: no cover"",
            ""    @staticmethod # pragma: no cover"",
            ""    def control_status_ctx(): # pragma: no cover"",
            ""        return None # pragma: no cover"",
            ""autograph_ctx = MockAutographCtx() # pragma: no cover"",
            ""class MockSelf(object): # pragma: no cover"",
            ""    def _container_strategy(self): # pragma: no cover"",
            ""        return self # pragma: no cover"",
            ""    def scope(self): # pragma: no cover"",
            ""        return self # pragma: no cover"",
            ""    def _update(self, var, fn, args, kwargs, group): # pragma: no cover"",
            ""        return var # pragma: no cover"",
            ""    def _replica_ctx_update(self, var, fn, args, kwargs, group): # pragma: no cover"",
            ""        return var # pragma: no cover"",
            ""self = MockSelf() # pragma: no cover"",
            ""args = (1.0,) # pragma: no cover"",
            ""group = True # pragma: no cover"",
            ""fn = lambda v: v.assign(1.0) # pragma: no cover""
        ]
    },
    {
        ""imports"": [
            """"
        ],
        ""initialization"": [
            ""kwargs = {} # pragma: no cover"",
            ""class MockDistributionStrategyContext: # pragma: no cover"",
            ""    @staticmethod# pragma: no cover"",
            ""    def get_replica_context(): # pragma: no cover"",
            ""        return None# pragma: no cover"",
            ""    @staticmethod# pragma: no cover"",
            ""    def _get_default_replica_context(): # pragma: no cover"",
            ""        return None# pragma: no cover"",
            ""# pragma: no cover"",
            ""distribution_strategy_context = MockDistributionStrategyContext() # pragma: no cover"",
            ""class MockAutograph: # pragma: no cover"",
            ""    @staticmethod# pragma: no cover"",
            ""    def tf_convert(fn, ctx, convert_by_default): # pragma: no cover"",
            ""        return fn# pragma: no cover"",
            ""# pragma: no cover"",
            ""autograph = MockAutograph() # pragma: no cover"",
            ""class MockAutographContext: # pragma: no cover"",
            ""    @staticmethod# pragma: no cover"",
            ""    def control_status_ctx(): # pragma: no cover"",
            ""        return None# pragma: no cover"",
            ""# pragma: no cover"",
            ""autograph_ctx = MockAutographContext() # pragma: no cover"",
            ""class MockSelf: # pragma: no cover"",
            ""    def _container_strategy(self): # pragma: no cover"",
            ""        return self# pragma: no cover"",
            ""    def scope(self): # pragma: no cover"",
            ""        return self# pragma: no cover"",
            ""    def _update(self, var, fn, args, kwargs, group): # pragma: no cover"",
            ""        return var# pragma: no cover"",
            ""    def _replica_ctx_update(self, var, fn, args, kwargs, group): # pragma: no cover"",
            ""        return var# pragma: no cover"",
            ""self = MockSelf() # pragma: no cover"",
            ""args = (1.0,) # pragma: no cover"",
            ""group = True # pragma: no cover"",
            ""fn = lambda v: v.assign(1.0) # pragma: no cover""
        ]
    }
]",2,4586,0.002293,3298,0.004947,0.00724
"When trying to execute the code snippet with the provided imports and initialization, the following error happens:
# begin error message
Execution error at line 75:
    replica_context = distribution_strategy_context.get_replica_context()
TypeError: <lambda>() takes 0 positional arguments but 1 was given
# end error message

Please, provide self-contained and concrete Python fixed values of the imports and initialization to solve the error and make the code snippet executable.
Respond strictly with JSON. The JSON should be compatible with the TypeScript type `Response` from the following:

```ts
interface Response {
// Python import statements needed in the initialization code. One string per import.
imports: string[];
// Python code to initialize the undefined variables and make the code snippet executable. One string per undefined variable. The statements in the code snippet above are not part of the initialization of undefined variables. Therefore, their copy or modified versions should not be added here. The values should be self-contained and concrete, i.e. without assumptions or expected replacements of any code that is not present in the code snippet. In case there are undefined attributes or methods and the attribute or method base is not initialized, initialize the attribute or method base using type(""Mock"", bases, dict), where bases is a tuple containing the base classes that the Mock object inherits from, e.g. object, and dict is a dictionary containing the initialization of the undefined attributes and methods in the code snippet.
initialization: string[];
}
```","[
    {
        ""imports"": [
            ""import tensorflow as tf"",
            ""from tensorflow.python.autograph import autograph""
        ],
        ""initialization"": [
            ""kwargs = {}"",
            ""class MockDistributionStrategyContext:"",
            ""    def get_replica_context(self):"",
            ""        return None"",
            ""    @staticmethod"",
            ""    def _get_default_replica_context():"",
            ""        return None"",
            ""distribution_strategy_context = MockDistributionStrategyContext()"",
            ""class MockAutograph:"",
            ""    @staticmethod"",
            ""    def tf_convert(fn, ctx, convert_by_default):"",
            ""        return fn"",
            ""autograph = MockAutograph()"",
            ""class MockAutographCtx:"",
            ""    @staticmethod"",
            ""    def control_status_ctx():"",
            ""        return None"",
            ""autograph_ctx = MockAutographCtx()"",
            ""class MockSelf:"",
            ""    def _container_strategy(self):"",
            ""        return self"",
            ""    def scope(self):"",
            ""        return self"",
            ""    def _update(self, var, fn, args, kwargs, group):"",
            ""        return fn(var)"",
            ""    def _replica_ctx_update(self, var, fn, args, kwargs, group):"",
            ""        return fn(var)"",
            ""self = MockSelf()"",
            ""var = tf.Variable(5.0, dtype=tf.float32)"",
            ""args = (1.0,)"",
            ""group = True"",
            ""fn = lambda v: v.assign_add(tf.constant(1.0))""
        ]
    },
    {
        ""imports"": [
            ""import tensorflow as tf"",
            ""from tensorflow.python.autograph import autograph"",
            ""from tensorflow.python.distribute import distribution_strategy_context""
        ],
        ""initialization"": [
            ""kwargs = {}"",
            ""class MockDistributionStrategyContext(object):"",
            ""    def get_replica_context(self):"",
            ""        return None"",
            ""    def _get_default_replica_context(self):"",
            ""        return None"",
            ""distribution_strategy_context = MockDistributionStrategyContext()"",
            ""class MockAutograph(object):"",
            ""    @staticmethod"",
            ""    def tf_convert(fn, ctx, convert_by_default):"",
            ""        return fn"",
            ""autograph = MockAutograph()"",
            ""class MockAutographCtx(object):"",
            ""    @staticmethod"",
            ""    def control_status_ctx():"",
            ""        return None"",
            ""autograph_ctx = MockAutographCtx()"",
            ""class MockSelf(object):"",
            ""    def _container_strategy(self):"",
            ""        return self"",
            ""    def scope(self):"",
            ""        return self"",
            ""    def _update(self, var, fn, args, kwargs, group):"",
            ""        return var"",
            ""    def _replica_ctx_update(self, var, fn, args, kwargs, group):"",
            ""        return var"",
            ""self = MockSelf()"",
            ""var = tf.Variable(5.0, dtype=tf.float32)"",
            ""args = (1.0,)"",
            ""group = True"",
            ""fn = lambda v: v.assign(v + 1.0)""
        ]
    },
    {
        ""imports"": [
            ""import tensorflow as tf"",
            ""from tensorflow.python.autograph import autograph""
        ],
        ""initialization"": [
            ""kwargs = {}"",
            ""class MockDistributionStrategyContext:"",
            ""    def get_replica_context(self):"",
            ""        return None"",
            ""    def _get_default_replica_context(self):"",
            ""        return None"",
            ""distribution_strategy_context = MockDistributionStrategyContext()"",
            ""class MockAutograph:"",
            ""    @staticmethod"",
            ""    def tf_convert(fn, ctx, convert_by_default):"",
            ""        return fn"",
            ""autograph = MockAutograph()"",
            ""class MockAutographCtx:"",
            ""    @staticmethod"",
            ""    def control_status_ctx():"",
            ""        return None"",
            ""autograph_ctx = MockAutographCtx()"",
            ""class MockSelf:"",
            ""    def _container_strategy(self):"",
            ""        return self"",
            ""    def scope(self):"",
            ""        pass"",
            ""    def _update(self, var, fn, args, kwargs, group):"",
            ""        return var"",
            ""    def _replica_ctx_update(self, var, fn, args, kwargs, group):"",
            ""        return var"",
            ""self = MockSelf()"",
            ""var = tf.Variable(5.0, dtype=tf.float32)"",
            ""args = (1.0,)"",
            ""group = True"",
            ""fn = lambda v: v.assign(v + 1.0)""
        ]
    },
    {
        ""imports"": [
            ""import tensorflow as tf"",
            ""from tensorflow.python.autograph import autograph""
        ],
        ""initialization"": [
            ""kwargs = {}"",
            ""class MockDistributionStrategyContext(object):"",
            ""    def get_replica_context(self):"",
            ""        return None"",
            ""    def _get_default_replica_context(self):"",
            ""        return None"",
            ""distribution_strategy_context = MockDistributionStrategyContext()"",
            ""class MockAutograph(object):"",
            ""    @staticmethod"",
            ""    def tf_convert(fn, ctx, convert_by_default):"",
            ""        return fn"",
            ""autograph = MockAutograph()"",
            ""class MockAutographCtx(object):"",
            ""    @staticmethod"",
            ""    def control_status_ctx():"",
            ""        return None"",
            ""autograph_ctx = MockAutographCtx()"",
            ""class MockSelf(object):"",
            ""    def _container_strategy(self):"",
            ""        return self"",
            ""    def scope(self):"",
            ""        return self"",
            ""    def _update(self, var, fn, args, kwargs, group):"",
            ""        return var"",
            ""    def _replica_ctx_update(self, var, fn, args, kwargs, group):"",
            ""        return var"",
            ""self = MockSelf()"",
            ""var = tf.Variable(5.0, aggregation=tf.VariableAggregation.SUM)"",
            ""args = (1.0,)"",
            ""group = True"",
            ""fn = lambda v: v.assign(1.0)""
        ]
    },
    {
        ""imports"": [
            ""import tensorflow as tf"",
            ""from tensorflow.python.autograph import autograph""
        ],
        ""initialization"": [
            ""kwargs = {}"",
            ""class MockDistributionStrategyContext(object):"",
            ""    def get_replica_context(self):"",
            ""        return None"",
            ""    def _get_default_replica_context(self):"",
            ""        return None"",
            ""distribution_strategy_context = MockDistributionStrategyContext()"",
            ""class MockAutograph(object):"",
            ""    @staticmethod"",
            ""    def tf_convert(fn, ctx, convert_by_default):"",
            ""        return fn"",
            ""autograph = MockAutograph()"",
            ""class MockAutographContext(object):"",
            ""    @staticmethod"",
            ""    def control_status_ctx():"",
            ""        return None"",
            ""autograph_ctx = MockAutographContext()"",
            ""class MockSelf(object):"",
            ""    def _container_strategy(self):"",
            ""        return self"",
            ""    def scope(self):"",
            ""        pass"",
            ""    def _update(self, var, fn, args, kwargs, group):"",
            ""        return var"",
            ""    def _replica_ctx_update(self, var, fn, args, kwargs, group):"",
            ""        return var"",
            ""self = MockSelf()"",
            ""var = tf.Variable(5.0, dtype=tf.float32)"",
            ""args = (1.0,)"",
            ""group = True"",
            ""fn = lambda v: v.assign(v + 1.0)""
        ]
    },
    {
        ""imports"": [
            ""import tensorflow as tf"",
            ""from tensorflow.python.autograph import autograph""
        ],
        ""initialization"": [
            ""kwargs = {}"",
            ""class MockDistributionStrategyContext: \n    def get_replica_context(self): \n        return None \n    def _get_default_replica_context(self): \n        return None"",
            ""distribution_strategy_context = MockDistributionStrategyContext()"",
            ""class MockAutograph: \n    @staticmethod \n    def tf_convert(fn, ctx, convert_by_default): \n        return fn"",
            ""autograph = MockAutograph()"",
            ""class MockAutographCtx: \n    @staticmethod \n    def control_status_ctx(): \n        return None"",
            ""autograph_ctx = MockAutographCtx()"",
            ""class MockSelf: \n    def _container_strategy(self): \n        return self \n    def scope(self): \n        pass \n    def _update(self, var, fn, args, kwargs, group): \n        return var \n    def _replica_ctx_update(self, var, fn, args, kwargs, group): \n        return var"",
            ""self = MockSelf()"",
            ""var = tf.Variable(5.0, dtype=tf.float32)"",
            ""args = [1.0]"",
            ""group = True"",
            ""fn = lambda v: v.assign(v + 1.0)""
        ]
    },
    {
        ""imports"": [
            ""import tensorflow as tf"",
            ""from tensorflow.python.autograph import autograph""
        ],
        ""initialization"": [
            ""kwargs = {}"",
            ""class MockDistributionStrategyContext:"",
            ""    def get_replica_context(self):"",
            ""        return None"",
            ""    def _get_default_replica_context(self):"",
            ""        return None"",
            ""distribution_strategy_context = MockDistributionStrategyContext()"",
            ""class MockAutograph:"",
            ""    @staticmethod"",
            ""    def tf_convert(fn, ctx, convert_by_default):"",
            ""        return fn"",
            ""autograph = MockAutograph()"",
            ""class MockAutographCtx:"",
            ""    @staticmethod"",
            ""    def control_status_ctx():"",
            ""        return None"",
            ""autograph_ctx = MockAutographCtx()"",
            ""class MockSelf:"",
            ""    def _container_strategy(self):"",
            ""        return self"",
            ""    def scope(self):"",
            ""        return self"",
            ""    def _update(self, var, fn, args, kwargs, group):"",
            ""        return fn(var, *args, **kwargs)"",
            ""    def _replica_ctx_update(self, var, fn, args, kwargs, group):"",
            ""        return fn(var, *args, **kwargs)"",
            ""self = MockSelf()"",
            ""var = tf.Variable(5.0, dtype=tf.float32)"",
            ""args = (1.0,)"",
            ""group = True"",
            ""fn = lambda v: v.assign_add(tf.constant(1.0))""
        ]
    },
    {
        ""imports"": [
            ""import tensorflow as tf"",
            ""from tensorflow.python.autograph import autograph""
        ],
        ""initialization"": [
            ""kwargs = {}"",
            ""class MockDistributionStrategyContext:"",
            ""    def get_replica_context(self):"",
            ""        return None"",
            ""    @staticmethod"",
            ""    def _get_default_replica_context():"",
            ""        return None"",
            ""distribution_strategy_context = MockDistributionStrategyContext()"",
            ""class MockAutograph:"",
            ""    @staticmethod"",
            ""    def tf_convert(fn, ctx, convert_by_default):"",
            ""        return fn"",
            ""autograph = MockAutograph()"",
            ""class MockAutographCtx:"",
            ""    @staticmethod"",
            ""    def control_status_ctx():"",
            ""        return None"",
            ""autograph_ctx = MockAutographCtx()"",
            ""class MockSelf:"",
            ""    def _container_strategy(self):"",
            ""        return self"",
            ""    def scope(self):"",
            ""        pass"",
            ""    def _update(self, var, fn, args, kwargs, group):"",
            ""        return var"",
            ""    def _replica_ctx_update(self, var, fn, args, kwargs, group):"",
            ""        return var"",
            ""self = MockSelf()"",
            ""var = tf.Variable(5.0, dtype=tf.float32)"",
            ""args = (1.0,)"",
            ""group = True"",
            ""fn = lambda v: v.assign(v + 1.0)""
        ]
    },
    {
        ""imports"": [
            ""import tensorflow as tf"",
            ""from tensorflow.python.autograph import autograph""
        ],
        ""initialization"": [
            ""kwargs = {}"",
            ""distribution_strategy_context = type('Mock', (object,), { 'get_replica_context': lambda self: None, '_get_default_replica_context': lambda self: None })()"",
            ""autograph_ctx = type('Mock', (object,), { 'control_status_ctx': lambda self: None })()"",
            ""autograph.tf_convert = lambda fn, ctx, convert_by_default: fn"",
            ""fn = lambda v: v.assign(v + 1.0)"",
            ""self = type('Mock', (object,), { '_container_strategy': lambda self: self, '_update': lambda self, var, fn, args, kwargs, group: fn(var), '_replica_ctx_update': lambda self, var, fn, args, kwargs, group: fn(var) })()"",
            ""var = tf.Variable(5.0, dtype=tf.float32)"",
            ""args = (1.0,)"",
            ""group = True""
        ]
    },
    {
        ""imports"": [
            ""import tensorflow as tf"",
            ""from tensorflow.python.autograph import autograph""
        ],
        ""initialization"": [
            ""kwargs = {}"",
            ""class MockDistributionStrategyContext: \n    def get_replica_context(self): \n        return None\n    def _get_default_replica_context(self): \n        return None"",
            ""distribution_strategy_context = MockDistributionStrategyContext()"",
            ""class MockAutograph: \n    @staticmethod\n    def tf_convert(fn, ctx, convert_by_default): \n        return fn"",
            ""autograph = MockAutograph()"",
            ""class MockAutographContext: \n    @staticmethod\n    def control_status_ctx(): \n        return None"",
            ""autograph_ctx = MockAutographContext()"",
            ""class MockSelf: \n    def _container_strategy(self): \n        return self \n    def scope(self): \n        pass \n    def _update(self, var, fn, args, kwargs, group): \n        return var \n    def _replica_ctx_update(self, var, fn, args, kwargs, group): \n        return var"",
            ""self = MockSelf()"",
            ""var = tf.Variable(5.0, dtype=tf.float32, aggregation=tf.VariableAggregation.SUM)"",
            ""args = (1.0,)"",
            ""group = True"",
            ""fn = lambda v: v.assign_add(1.0)""
        ]
    }
]","[
    {
        ""imports"": [
            """"
        ],
        ""initialization"": [
            ""kwargs = {} # pragma: no cover"",
            ""class MockDistributionStrategyContext: # pragma: no cover"",
            ""    def get_replica_context(self): # pragma: no cover"",
            ""        return None # pragma: no cover"",
            ""    @staticmethod # pragma: no cover"",
            ""    def _get_default_replica_context(): # pragma: no cover"",
            ""        return None # pragma: no cover"",
            ""distribution_strategy_context = MockDistributionStrategyContext() # pragma: no cover"",
            ""class MockAutograph: # pragma: no cover"",
            ""    @staticmethod # pragma: no cover"",
            ""    def tf_convert(fn, ctx, convert_by_default): # pragma: no cover"",
            ""        return fn # pragma: no cover"",
            ""autograph = MockAutograph() # pragma: no cover"",
            ""class MockAutographCtx: # pragma: no cover"",
            ""    @staticmethod # pragma: no cover"",
            ""    def control_status_ctx(): # pragma: no cover"",
            ""        return None # pragma: no cover"",
            ""autograph_ctx = MockAutographCtx() # pragma: no cover"",
            ""class MockSelf: # pragma: no cover"",
            ""    def _container_strategy(self): # pragma: no cover"",
            ""        return self # pragma: no cover"",
            ""    def scope(self): # pragma: no cover"",
            ""        return self # pragma: no cover"",
            ""    def _update(self, var, fn, args, kwargs, group): # pragma: no cover"",
            ""        return fn(var) # pragma: no cover"",
            ""    def _replica_ctx_update(self, var, fn, args, kwargs, group): # pragma: no cover"",
            ""        return fn(var) # pragma: no cover"",
            ""self = MockSelf() # pragma: no cover"",
            ""args = (1.0,) # pragma: no cover"",
            ""group = True # pragma: no cover"",
            ""fn = lambda v: v.assign_add(tf.constant(1.0)) # pragma: no cover""
        ]
    },
    {
        ""imports"": [
            """"
        ],
        ""initialization"": [
            ""kwargs = {} # pragma: no cover"",
            ""class MockDistributionStrategyContext(object): # pragma: no cover"",
            ""    def get_replica_context(self): # pragma: no cover"",
            ""        return None # pragma: no cover"",
            ""    def _get_default_replica_context(self): # pragma: no cover"",
            ""        return None # pragma: no cover"",
            ""distribution_strategy_context = MockDistributionStrategyContext() # pragma: no cover"",
            ""class MockAutograph(object): # pragma: no cover"",
            ""    @staticmethod # pragma: no cover"",
            ""    def tf_convert(fn, ctx, convert_by_default): # pragma: no cover"",
            ""        return fn # pragma: no cover"",
            ""autograph = MockAutograph() # pragma: no cover"",
            ""class MockAutographCtx(object): # pragma: no cover"",
            ""    @staticmethod # pragma: no cover"",
            ""    def control_status_ctx(): # pragma: no cover"",
            ""        return None # pragma: no cover"",
            ""autograph_ctx = MockAutographCtx() # pragma: no cover"",
            ""class MockSelf(object): # pragma: no cover"",
            ""    def _container_strategy(self): # pragma: no cover"",
            ""        return self # pragma: no cover"",
            ""    def scope(self): # pragma: no cover"",
            ""        return self # pragma: no cover"",
            ""    def _update(self, var, fn, args, kwargs, group): # pragma: no cover"",
            ""        return var # pragma: no cover"",
            ""    def _replica_ctx_update(self, var, fn, args, kwargs, group): # pragma: no cover"",
            ""        return var # pragma: no cover"",
            ""self = MockSelf() # pragma: no cover"",
            ""args = (1.0,) # pragma: no cover"",
            ""group = True # pragma: no cover"",
            ""fn = lambda v: v.assign(v + 1.0) # pragma: no cover""
        ]
    },
    {
        ""imports"": [
            """"
        ],
        ""initialization"": [
            ""kwargs = {} # pragma: no cover"",
            ""class MockDistributionStrategyContext: # pragma: no cover"",
            ""    def get_replica_context(self): # pragma: no cover"",
            ""        return None # pragma: no cover"",
            ""    def _get_default_replica_context(self): # pragma: no cover"",
            ""        return None # pragma: no cover"",
            ""distribution_strategy_context = MockDistributionStrategyContext() # pragma: no cover"",
            ""class MockAutograph: # pragma: no cover"",
            ""    @staticmethod # pragma: no cover"",
            ""    def tf_convert(fn, ctx, convert_by_default): # pragma: no cover"",
            ""        return fn # pragma: no cover"",
            ""autograph = MockAutograph() # pragma: no cover"",
            ""class MockAutographCtx: # pragma: no cover"",
            ""    @staticmethod # pragma: no cover"",
            ""    def control_status_ctx(): # pragma: no cover"",
            ""        return None # pragma: no cover"",
            ""autograph_ctx = MockAutographCtx() # pragma: no cover"",
            ""class MockSelf: # pragma: no cover"",
            ""    def _container_strategy(self): # pragma: no cover"",
            ""        return self # pragma: no cover"",
            ""    def scope(self): # pragma: no cover"",
            ""        pass # pragma: no cover"",
            ""    def _update(self, var, fn, args, kwargs, group): # pragma: no cover"",
            ""        return var # pragma: no cover"",
            ""    def _replica_ctx_update(self, var, fn, args, kwargs, group): # pragma: no cover"",
            ""        return var # pragma: no cover"",
            ""self = MockSelf() # pragma: no cover"",
            ""args = (1.0,) # pragma: no cover"",
            ""group = True # pragma: no cover"",
            ""fn = lambda v: v.assign(v + 1.0) # pragma: no cover""
        ]
    },
    {
        ""imports"": [
            """"
        ],
        ""initialization"": [
            ""kwargs = {} # pragma: no cover"",
            ""class MockDistributionStrategyContext(object): # pragma: no cover"",
            ""    def get_replica_context(self): # pragma: no cover"",
            ""        return None # pragma: no cover"",
            ""    def _get_default_replica_context(self): # pragma: no cover"",
            ""        return None # pragma: no cover"",
            ""distribution_strategy_context = MockDistributionStrategyContext() # pragma: no cover"",
            ""class MockAutograph(object): # pragma: no cover"",
            ""    @staticmethod # pragma: no cover"",
            ""    def tf_convert(fn, ctx, convert_by_default): # pragma: no cover"",
            ""        return fn # pragma: no cover"",
            ""autograph = MockAutograph() # pragma: no cover"",
            ""class MockAutographCtx(object): # pragma: no cover"",
            ""    @staticmethod # pragma: no cover"",
            ""    def control_status_ctx(): # pragma: no cover"",
            ""        return None # pragma: no cover"",
            ""autograph_ctx = MockAutographCtx() # pragma: no cover"",
            ""class MockSelf(object): # pragma: no cover"",
            ""    def _container_strategy(self): # pragma: no cover"",
            ""        return self # pragma: no cover"",
            ""    def scope(self): # pragma: no cover"",
            ""        return self # pragma: no cover"",
            ""    def _update(self, var, fn, args, kwargs, group): # pragma: no cover"",
            ""        return var # pragma: no cover"",
            ""    def _replica_ctx_update(self, var, fn, args, kwargs, group): # pragma: no cover"",
            ""        return var # pragma: no cover"",
            ""self = MockSelf() # pragma: no cover"",
            ""args = (1.0,) # pragma: no cover"",
            ""group = True # pragma: no cover"",
            ""fn = lambda v: v.assign(1.0) # pragma: no cover""
        ]
    },
    {
        ""imports"": [
            """"
        ],
        ""initialization"": [
            ""kwargs = {} # pragma: no cover"",
            ""class MockDistributionStrategyContext(object): # pragma: no cover"",
            ""    def get_replica_context(self): # pragma: no cover"",
            ""        return None # pragma: no cover"",
            ""    def _get_default_replica_context(self): # pragma: no cover"",
            ""        return None # pragma: no cover"",
            ""distribution_strategy_context = MockDistributionStrategyContext() # pragma: no cover"",
            ""class MockAutograph(object): # pragma: no cover"",
            ""    @staticmethod # pragma: no cover"",
            ""    def tf_convert(fn, ctx, convert_by_default): # pragma: no cover"",
            ""        return fn # pragma: no cover"",
            ""autograph = MockAutograph() # pragma: no cover"",
            ""class MockAutographContext(object): # pragma: no cover"",
            ""    @staticmethod # pragma: no cover"",
            ""    def control_status_ctx(): # pragma: no cover"",
            ""        return None # pragma: no cover"",
            ""autograph_ctx = MockAutographContext() # pragma: no cover"",
            ""class MockSelf(object): # pragma: no cover"",
            ""    def _container_strategy(self): # pragma: no cover"",
            ""        return self # pragma: no cover"",
            ""    def scope(self): # pragma: no cover"",
            ""        pass # pragma: no cover"",
            ""    def _update(self, var, fn, args, kwargs, group): # pragma: no cover"",
            ""        return var # pragma: no cover"",
            ""    def _replica_ctx_update(self, var, fn, args, kwargs, group): # pragma: no cover"",
            ""        return var # pragma: no cover"",
            ""self = MockSelf() # pragma: no cover"",
            ""args = (1.0,) # pragma: no cover"",
            ""group = True # pragma: no cover"",
            ""fn = lambda v: v.assign(v + 1.0) # pragma: no cover""
        ]
    },
    {
        ""imports"": [
            """"
        ],
        ""initialization"": [
            ""kwargs = {} # pragma: no cover"",
            ""class MockDistributionStrategyContext: # pragma: no cover"",
            ""    def get_replica_context(self): # pragma: no cover"",
            ""        return None # pragma: no cover"",
            ""    def _get_default_replica_context(self): # pragma: no cover"",
            ""        return None # pragma: no cover"",
            ""distribution_strategy_context = MockDistributionStrategyContext() # pragma: no cover"",
            ""class MockAutograph: # pragma: no cover"",
            ""    @staticmethod # pragma: no cover"",
            ""    def tf_convert(fn, ctx, convert_by_default): # pragma: no cover"",
            ""        return fn # pragma: no cover"",
            ""autograph = MockAutograph() # pragma: no cover"",
            ""class MockAutographCtx: # pragma: no cover"",
            ""    @staticmethod # pragma: no cover"",
            ""    def control_status_ctx(): # pragma: no cover"",
            ""        return None # pragma: no cover"",
            ""autograph_ctx = MockAutographCtx() # pragma: no cover"",
            ""class MockSelf: # pragma: no cover"",
            ""    def _container_strategy(self): # pragma: no cover"",
            ""        return self # pragma: no cover"",
            ""    def scope(self): # pragma: no cover"",
            ""        pass # pragma: no cover"",
            ""    def _update(self, var, fn, args, kwargs, group): # pragma: no cover"",
            ""        return var # pragma: no cover"",
            ""    def _replica_ctx_update(self, var, fn, args, kwargs, group): # pragma: no cover"",
            ""        return var # pragma: no cover"",
            ""self = MockSelf() # pragma: no cover"",
            ""args = [1.0] # pragma: no cover"",
            ""group = True # pragma: no cover"",
            ""fn = lambda v: v.assign(v + 1.0) # pragma: no cover""
        ]
    },
    {
        ""imports"": [
            """"
        ],
        ""initialization"": [
            ""kwargs = {} # pragma: no cover"",
            ""class MockDistributionStrategyContext: # pragma: no cover"",
            ""    def get_replica_context(self): # pragma: no cover"",
            ""        return None # pragma: no cover"",
            ""    def _get_default_replica_context(self): # pragma: no cover"",
            ""        return None # pragma: no cover"",
            ""distribution_strategy_context = MockDistributionStrategyContext() # pragma: no cover"",
            ""class MockAutograph: # pragma: no cover"",
            ""    @staticmethod # pragma: no cover"",
            ""    def tf_convert(fn, ctx, convert_by_default): # pragma: no cover"",
            ""        return fn # pragma: no cover"",
            ""autograph = MockAutograph() # pragma: no cover"",
            ""class MockAutographCtx: # pragma: no cover"",
            ""    @staticmethod # pragma: no cover"",
            ""    def control_status_ctx(): # pragma: no cover"",
            ""        return None # pragma: no cover"",
            ""autograph_ctx = MockAutographCtx() # pragma: no cover"",
            ""class MockSelf: # pragma: no cover"",
            ""    def _container_strategy(self): # pragma: no cover"",
            ""        return self # pragma: no cover"",
            ""    def scope(self): # pragma: no cover"",
            ""        return self # pragma: no cover"",
            ""    def _update(self, var, fn, args, kwargs, group): # pragma: no cover"",
            ""        return fn(var, *args, **kwargs) # pragma: no cover"",
            ""    def _replica_ctx_update(self, var, fn, args, kwargs, group): # pragma: no cover"",
            ""        return fn(var, *args, **kwargs) # pragma: no cover"",
            ""self = MockSelf() # pragma: no cover"",
            ""args = (1.0,) # pragma: no cover"",
            ""group = True # pragma: no cover"",
            ""fn = lambda v: v.assign_add(tf.constant(1.0)) # pragma: no cover""
        ]
    },
    {
        ""imports"": [
            """"
        ],
        ""initialization"": [
            ""kwargs = {} # pragma: no cover"",
            ""class MockDistributionStrategyContext: # pragma: no cover"",
            ""    def get_replica_context(self): # pragma: no cover"",
            ""        return None # pragma: no cover"",
            ""    @staticmethod # pragma: no cover"",
            ""    def _get_default_replica_context(): # pragma: no cover"",
            ""        return None # pragma: no cover"",
            ""distribution_strategy_context = MockDistributionStrategyContext() # pragma: no cover"",
            ""class MockAutograph: # pragma: no cover"",
            ""    @staticmethod # pragma: no cover"",
            ""    def tf_convert(fn, ctx, convert_by_default): # pragma: no cover"",
            ""        return fn # pragma: no cover"",
            ""autograph = MockAutograph() # pragma: no cover"",
            ""class MockAutographCtx: # pragma: no cover"",
            ""    @staticmethod # pragma: no cover"",
            ""    def control_status_ctx(): # pragma: no cover"",
            ""        return None # pragma: no cover"",
            ""autograph_ctx = MockAutographCtx() # pragma: no cover"",
            ""class MockSelf: # pragma: no cover"",
            ""    def _container_strategy(self): # pragma: no cover"",
            ""        return self # pragma: no cover"",
            ""    def scope(self): # pragma: no cover"",
            ""        pass # pragma: no cover"",
            ""    def _update(self, var, fn, args, kwargs, group): # pragma: no cover"",
            ""        return var # pragma: no cover"",
            ""    def _replica_ctx_update(self, var, fn, args, kwargs, group): # pragma: no cover"",
            ""        return var # pragma: no cover"",
            ""self = MockSelf() # pragma: no cover"",
            ""args = (1.0,) # pragma: no cover"",
            ""group = True # pragma: no cover"",
            ""fn = lambda v: v.assign(v + 1.0) # pragma: no cover""
        ]
    },
    {
        ""imports"": [
            """"
        ],
        ""initialization"": [
            ""kwargs = {} # pragma: no cover"",
            ""distribution_strategy_context = type('Mock', (object,), { 'get_replica_context': lambda self: None, '_get_default_replica_context': lambda self: None })() # pragma: no cover"",
            ""autograph_ctx = type('Mock', (object,), { 'control_status_ctx': lambda self: None })() # pragma: no cover"",
            ""fn = lambda v: v.assign(v + 1.0) # pragma: no cover"",
            ""self = type('Mock', (object,), { '_container_strategy': lambda self: self, '_update': lambda self, var, fn, args, kwargs, group: fn(var), '_replica_ctx_update': lambda self, var, fn, args, kwargs, group: fn(var) })() # pragma: no cover"",
            ""args = (1.0,) # pragma: no cover"",
            ""group = True # pragma: no cover""
        ]
    },
    {
        ""imports"": [
            """"
        ],
        ""initialization"": [
            ""kwargs = {} # pragma: no cover"",
            ""class MockDistributionStrategyContext: # pragma: no cover"",
            ""    def get_replica_context(self): # pragma: no cover"",
            ""        return None# pragma: no cover"",
            ""    def _get_default_replica_context(self): # pragma: no cover"",
            ""        return None # pragma: no cover"",
            ""distribution_strategy_context = MockDistributionStrategyContext() # pragma: no cover"",
            ""class MockAutograph: # pragma: no cover"",
            ""    @staticmethod# pragma: no cover"",
            ""    def tf_convert(fn, ctx, convert_by_default): # pragma: no cover"",
            ""        return fn # pragma: no cover"",
            ""autograph = MockAutograph() # pragma: no cover"",
            ""class MockAutographContext: # pragma: no cover"",
            ""    @staticmethod# pragma: no cover"",
            ""    def control_status_ctx(): # pragma: no cover"",
            ""        return None # pragma: no cover"",
            ""autograph_ctx = MockAutographContext() # pragma: no cover"",
            ""class MockSelf: # pragma: no cover"",
            ""    def _container_strategy(self): # pragma: no cover"",
            ""        return self # pragma: no cover"",
            ""    def scope(self): # pragma: no cover"",
            ""        pass # pragma: no cover"",
            ""    def _update(self, var, fn, args, kwargs, group): # pragma: no cover"",
            ""        return var # pragma: no cover"",
            ""    def _replica_ctx_update(self, var, fn, args, kwargs, group): # pragma: no cover"",
            ""        return var # pragma: no cover"",
            ""self = MockSelf() # pragma: no cover"",
            ""args = (1.0,) # pragma: no cover"",
            ""group = True # pragma: no cover"",
            ""fn = lambda v: v.assign_add(1.0) # pragma: no cover""
        ]
    }
]",2,5117,0.0025585,3256,0.004884,0.0074425
"When trying to execute the code snippet with the provided imports and initialization, the following error happens:
# begin error message
Execution error at line 76:
    replica_context = distribution_strategy_context.get_replica_context()
TypeError: <lambda>() takes 0 positional arguments but 1 was given
# end error message

Please, provide self-contained and concrete Python fixed values of the imports and initialization to solve the error and make the code snippet executable.
Respond strictly with JSON. The JSON should be compatible with the TypeScript type `Response` from the following:

```ts
interface Response {
// Python import statements needed in the initialization code. One string per import.
imports: string[];
// Python code to initialize the undefined variables and make the code snippet executable. One string per undefined variable. The statements in the code snippet above are not part of the initialization of undefined variables. Therefore, their copy or modified versions should not be added here. The values should be self-contained and concrete, i.e. without assumptions or expected replacements of any code that is not present in the code snippet. In case there are undefined attributes or methods and the attribute or method base is not initialized, initialize the attribute or method base using type(""Mock"", bases, dict), where bases is a tuple containing the base classes that the Mock object inherits from, e.g. object, and dict is a dictionary containing the initialization of the undefined attributes and methods in the code snippet.
initialization: string[];
}
```","[
    {
        ""imports"": [
            ""import tensorflow as tf""
        ],
        ""initialization"": [
            ""kwargs = {}"",
            ""class MockDistributionStrategyContext: \n    def get_replica_context(self): \n        return None\n    def _get_default_replica_context(self): \n        return None\n"",
            ""distribution_strategy_context = MockDistributionStrategyContext()"",
            ""class MockAutograph: \n    @staticmethod\n    def tf_convert(fn, ctx, convert_by_default): \n        return fn\n"",
            ""autograph = MockAutograph()"",
            ""class MockAutographContext: \n    @staticmethod\n    def control_status_ctx(): \n        return None\n"",
            ""autograph_ctx = MockAutographContext()"",
            ""class MockSelf: \n    def _container_strategy(self): \n        return self\n    def scope(self): \n        pass\n    def _update(self, var, fn, args, kwargs, group): \n        return 'updated'\n    def _replica_ctx_update(self, var, fn, args, kwargs, group): \n        return 'replica_updated'\n"",
            ""self = MockSelf()"",
            ""var = tf.Variable(5.0, dtype=tf.float32)"",
            ""args = (1.0,)"",
            ""group = True"",
            ""fn = lambda v: v.assign_add(1.0)""
        ]
    },
    {
        ""imports"": [
            ""import tensorflow as tf""
        ],
        ""initialization"": [
            ""kwargs = {}"",
            ""class MockDistributionStrategyContext:  \n    def get_replica_context(self):  \n        return None\n    def _get_default_replica_context(self):  \n        return None\n"",
            ""distribution_strategy_context = MockDistributionStrategyContext()"",
            ""class MockAutograph:  \n    @staticmethod  \n    def tf_convert(fn, ctx, convert_by_default):  \n        return fn\n"",
            ""autograph = MockAutograph()"",
            ""class MockAutographContext:  \n    @staticmethod  \n    def control_status_ctx():  \n        return None\n"",
            ""autograph_ctx = MockAutographContext()"",
            ""self = type('MockSelf', (object,), {  \n    '_container_strategy': lambda self: self,  \n    '_update': lambda self, var, fn, args, kwargs, group: var.assign(var + 1),  \n    '_replica_ctx_update': lambda self, var, fn, args, kwargs, group: var.assign(var + 1)  \n})()"",
            ""var = tf.Variable(5.0, dtype=tf.float32)"",
            ""args = (1.0,)"",
            ""group = True"",
            ""fn = lambda v: v.assign(1.0)""
        ]
    },
    {
        ""imports"": [
            ""import tensorflow as tf""
        ],
        ""initialization"": [
            ""kwargs = {}"",
            ""class MockDistributionStrategyContext:"",
            ""    def get_replica_context(self):"",
            ""        return None"",
            ""    def _get_default_replica_context(self):"",
            ""        return None"",
            ""distribution_strategy_context = MockDistributionStrategyContext()"",
            ""class MockAutograph:"",
            ""    @staticmethod"",
            ""    def tf_convert(fn, ctx, convert_by_default):"",
            ""        return fn"",
            ""autograph = MockAutograph()"",
            ""class MockAutographCtx:"",
            ""    @staticmethod"",
            ""    def control_status_ctx():"",
            ""        return None"",
            ""autograph_ctx = MockAutographCtx()"",
            ""fn = lambda v: v.assign(1.0)"",
            ""class MockSelf:"",
            ""    def _container_strategy(self):"",
            ""        return self"",
            ""    def scope(self):"",
            ""        return"",
            ""    def _update(self, var, fn, args, kwargs, group):"",
            ""        return var"",
            ""    def _replica_ctx_update(self, var, fn, args, kwargs, group):"",
            ""        return var"",
            ""self = MockSelf()"",
            ""var = tf.Variable(5.0, dtype=tf.float32)"",
            ""args = ()"",
            ""group = True""
        ]
    },
    {
        ""imports"": [
            ""import tensorflow as tf""
        ],
        ""initialization"": [
            ""kwargs = {}"",
            ""distribution_strategy_context = type('Mock', (object,), {'get_replica_context': lambda self: None, '_get_default_replica_context': lambda self: None})()"",
            ""autograph = type('Mock', (object,), {'tf_convert': lambda fn, ctx, convert_by_default: fn})()"",
            ""autograph_ctx = type('Mock', (object,), {'control_status_ctx': lambda: None})()"",
            ""fn = lambda v, *args, **kwargs: v.assign(1.0)"",
            ""self = type('Mock', (object,), {"",
            ""    '_container_strategy': lambda: self,"",
            ""    '_update': lambda var, fn, args, kwargs, group: var.assign_add(1.0),"",
            ""    '_replica_ctx_update': lambda var, fn, args, kwargs, group: var.assign_add(1.0)"",
            ""})()"",
            ""var = tf.Variable(5.0, aggregation=tf.VariableAggregation.SUM)"",
            ""args = ()"",
            ""group = True""
        ]
    },
    {
        ""imports"": [
            ""import tensorflow as tf""
        ],
        ""initialization"": [
            ""kwargs = {}"",
            ""class MockDistributionStrategyContext: \n    def get_replica_context(self): \n        return None \n    def _get_default_replica_context(self): \n        return None"",
            ""distribution_strategy_context = MockDistributionStrategyContext()"",
            ""class MockAutograph: \n    @staticmethod \n    def tf_convert(fn, ctx, convert_by_default): \n        return fn"",
            ""autograph = MockAutograph()"",
            ""class MockAutographContext: \n    @staticmethod \n    def control_status_ctx(): \n        return None"",
            ""autograph_ctx = MockAutographContext()"",
            ""class MockSelf: \n    def _container_strategy(self): \n        return self \n    def scope(self): \n        pass \n    def _update(self, var, fn, args, kwargs, group): \n        return var \n    def _replica_ctx_update(self, var, fn, args, kwargs, group): \n        return var"",
            ""self = MockSelf()"",
            ""var = tf.Variable(5.0, aggregation=tf.VariableAggregation.SUM, dtype=tf.float32)"",
            ""args = (1.0,)"",
            ""group = True"",
            ""fn = lambda v: v.assign(1.0)""
        ]
    },
    {
        ""imports"": [
            ""import tensorflow as tf""
        ],
        ""initialization"": [
            ""kwargs = {}"",
            ""class MockDistributionStrategyContext:"",
            ""    def get_replica_context(self): return None"",
            ""    def _get_default_replica_context(self): return None"",
            ""distribution_strategy_context = MockDistributionStrategyContext()"",
            ""class MockAutograph:"",
            ""    @staticmethod"",
            ""    def tf_convert(fn, ctx, convert_by_default): return fn"",
            ""autograph = MockAutograph()"",
            ""class MockAutographContext:"",
            ""    @staticmethod"",
            ""    def control_status_ctx(): return None"",
            ""autograph_ctx = MockAutographContext()"",
            ""fn = lambda v: v.assign(1.0)"",
            ""class MockSelf:"",
            ""    def _container_strategy(self): return self"",
            ""    def scope(self): pass"",
            ""    def _update(self, var, fn, args, kwargs, group): return var"",
            ""    def _replica_ctx_update(self, var, fn, args, kwargs, group): return var"",
            ""self = MockSelf()"",
            ""var = tf.Variable(5.0, aggregation=tf.VariableAggregation.SUM)"",
            ""args = ()"",
            ""group = True""
        ]
    },
    {
        ""imports"": [
            ""import tensorflow as tf""
        ],
        ""initialization"": [
            ""kwargs = {}"",
            ""class MockDistributionStrategyContext: \n    def get_replica_context(self):\n        return None\n    @staticmethod\n    def _get_default_replica_context():\n        return None"",
            ""distribution_strategy_context = MockDistributionStrategyContext()"",
            ""class MockAutograph:\n    @staticmethod\n    def tf_convert(fn, ctx, convert_by_default):\n        return fn"",
            ""autograph = MockAutograph()"",
            ""class MockAutographCtx:\n    @staticmethod\n    def control_status_ctx():\n        return None"",
            ""autograph_ctx = MockAutographCtx()"",
            ""class MockSelf:\n    def _container_strategy(self):\n        return self\n    def scope(self):\n        pass\n    def _update(self, var, fn, args, kwargs, group):\n        return var\n    def _replica_ctx_update(self, var, fn, args, kwargs, group):\n        return var"",
            ""self = MockSelf()"",
            ""var = tf.Variable(5.0, aggregation=tf.VariableAggregation.SUM)"",
            ""args = ()"",
            ""group = True"",
            ""fn = lambda v: v.assign(1.0)""
        ]
    },
    {
        ""imports"": [
            ""import tensorflow as tf""
        ],
        ""initialization"": [
            ""kwargs = {}"",
            ""class MockDistributionStrategyContext(object):"",
            ""    def get_replica_context(self):"",
            ""        return None"",
            ""    def _get_default_replica_context(self):"",
            ""        return None"",
            ""distribution_strategy_context = MockDistributionStrategyContext()"",
            ""class MockAutograph(object):"",
            ""    @staticmethod"",
            ""    def tf_convert(fn, ctx, convert_by_default):"",
            ""        return fn"",
            ""autograph = MockAutograph()"",
            ""class MockAutographContext(object):"",
            ""    @staticmethod"",
            ""    def control_status_ctx():"",
            ""        return None"",
            ""autograph_ctx = MockAutographContext()"",
            ""def update_fn(v):"",
            ""    return v.assign(1.0)"",
            ""self = type('MockSelf', (object,), {"",
            ""    '_container_strategy': lambda self: self,"",
            ""    '_update': lambda self, var, fn, args, kwargs, group: var,"",
            ""    '_replica_ctx_update': lambda self, var, fn, args, kwargs, group: var"",
            ""})()"",
            ""var = tf.Variable(5.0, dtype=tf.float32)"",
            ""args = ()"",
            ""group = True"",
            ""fn = update_fn""
        ]
    },
    {
        ""imports"": [
            ""import tensorflow as tf""
        ],
        ""initialization"": [
            ""kwargs = {}"",
            ""class MockDistributionStrategyContext: \n    def get_replica_context(self): \n        return None\n    def _get_default_replica_context(self): \n        return None"",
            ""distribution_strategy_context = MockDistributionStrategyContext()"",
            ""class MockAutograph: \n    @staticmethod \n    def tf_convert(fn, ctx, convert_by_default): \n        return fn"",
            ""autograph = MockAutograph()"",
            ""class MockAutographCtx: \n    @staticmethod \n    def control_status_ctx(): \n        return None"",
            ""autograph_ctx = MockAutographCtx()"",
            ""class MockSelf: \n    def _container_strategy(self): \n        return self\n    def scope(self): \n        pass\n    def _update(self, var, fn, args, kwargs, group): \n        return var.assign(var + 1.0)\n    def _replica_ctx_update(self, var, fn, args, kwargs, group): \n        return var.assign(var + 1.0)"",
            ""self = MockSelf()"",
            ""var = tf.Variable(5.0, dtype=tf.float32)"",
            ""args = (1.0,)"",
            ""group = True"",
            ""fn = lambda v: v.assign_add(1.0)""
        ]
    },
    {
        ""imports"": [
            ""import tensorflow as tf""
        ],
        ""initialization"": [
            ""kwargs = {}"",
            ""class MockDistributionStrategyContext: \n    @staticmethod\n    def get_replica_context(): \n        return None\n    @staticmethod\n    def _get_default_replica_context(): \n        return None"",
            ""distribution_strategy_context = MockDistributionStrategyContext()"",
            ""class MockAutograph: \n    @staticmethod\n    def tf_convert(fn, ctx, convert_by_default): \n        return fn"",
            ""autograph = MockAutograph()"",
            ""class MockAutographContext: \n    @staticmethod\n    def control_status_ctx(): \n        return None"",
            ""autograph_ctx = MockAutographContext()"",
            ""class MockSelf: \n    def _container_strategy(self): \n        return self\n    def scope(self): \n        pass\n    def _update(self, var, fn, args, kwargs, group): \n        return var\n    def _replica_ctx_update(self, var, fn, args, kwargs, group): \n        return var"",
            ""self = MockSelf()"",
            ""var = tf.Variable(5.0, dtype=tf.float32, aggregation=tf.VariableAggregation.SUM)"",
            ""args = (1.0,)"",
            ""group = True"",
            ""fn = lambda v: v.assign(1.0)""
        ]
    }
]","[
    {
        ""imports"": [
            """"
        ],
        ""initialization"": [
            ""kwargs = {} # pragma: no cover"",
            ""class MockDistributionStrategyContext: # pragma: no cover"",
            ""    def get_replica_context(self): # pragma: no cover"",
            ""        return None# pragma: no cover"",
            ""    def _get_default_replica_context(self): # pragma: no cover"",
            ""        return None# pragma: no cover"",
            "" # pragma: no cover"",
            ""distribution_strategy_context = MockDistributionStrategyContext() # pragma: no cover"",
            ""class MockAutograph: # pragma: no cover"",
            ""    @staticmethod# pragma: no cover"",
            ""    def tf_convert(fn, ctx, convert_by_default): # pragma: no cover"",
            ""        return fn# pragma: no cover"",
            "" # pragma: no cover"",
            ""autograph = MockAutograph() # pragma: no cover"",
            ""class MockAutographContext: # pragma: no cover"",
            ""    @staticmethod# pragma: no cover"",
            ""    def control_status_ctx(): # pragma: no cover"",
            ""        return None# pragma: no cover"",
            "" # pragma: no cover"",
            ""autograph_ctx = MockAutographContext() # pragma: no cover"",
            ""class MockSelf: # pragma: no cover"",
            ""    def _container_strategy(self): # pragma: no cover"",
            ""        return self# pragma: no cover"",
            ""    def scope(self): # pragma: no cover"",
            ""        pass# pragma: no cover"",
            ""    def _update(self, var, fn, args, kwargs, group): # pragma: no cover"",
            ""        return 'updated'# pragma: no cover"",
            ""    def _replica_ctx_update(self, var, fn, args, kwargs, group): # pragma: no cover"",
            ""        return 'replica_updated'# pragma: no cover"",
            "" # pragma: no cover"",
            ""self = MockSelf() # pragma: no cover"",
            ""args = (1.0,) # pragma: no cover"",
            ""group = True # pragma: no cover"",
            ""fn = lambda v: v.assign_add(1.0) # pragma: no cover""
        ]
    },
    {
        ""imports"": [
            """"
        ],
        ""initialization"": [
            ""kwargs = {} # pragma: no cover"",
            ""class MockDistributionStrategyContext:  # pragma: no cover"",
            ""    def get_replica_context(self):  # pragma: no cover"",
            ""        return None# pragma: no cover"",
            ""    def _get_default_replica_context(self):  # pragma: no cover"",
            ""        return None# pragma: no cover"",
            "" # pragma: no cover"",
            ""distribution_strategy_context = MockDistributionStrategyContext() # pragma: no cover"",
            ""class MockAutograph:  # pragma: no cover"",
            ""    @staticmethod  # pragma: no cover"",
            ""    def tf_convert(fn, ctx, convert_by_default):  # pragma: no cover"",
            ""        return fn# pragma: no cover"",
            "" # pragma: no cover"",
            ""autograph = MockAutograph() # pragma: no cover"",
            ""class MockAutographContext:  # pragma: no cover"",
            ""    @staticmethod  # pragma: no cover"",
            ""    def control_status_ctx():  # pragma: no cover"",
            ""        return None# pragma: no cover"",
            "" # pragma: no cover"",
            ""autograph_ctx = MockAutographContext() # pragma: no cover"",
            ""self = type('MockSelf', (object,), {  # pragma: no cover"",
            ""    '_container_strategy': lambda self: self,  # pragma: no cover"",
            ""    '_update': lambda self, var, fn, args, kwargs, group: var.assign(var + 1),  # pragma: no cover"",
            ""    '_replica_ctx_update': lambda self, var, fn, args, kwargs, group: var.assign(var + 1)  # pragma: no cover"",
            ""})() # pragma: no cover"",
            ""args = (1.0,) # pragma: no cover"",
            ""group = True # pragma: no cover"",
            ""fn = lambda v: v.assign(1.0) # pragma: no cover""
        ]
    },
    {
        ""imports"": [
            """"
        ],
        ""initialization"": [
            ""kwargs = {} # pragma: no cover"",
            ""class MockDistributionStrategyContext: # pragma: no cover"",
            ""    def get_replica_context(self): # pragma: no cover"",
            ""        return None # pragma: no cover"",
            ""    def _get_default_replica_context(self): # pragma: no cover"",
            ""        return None # pragma: no cover"",
            ""distribution_strategy_context = MockDistributionStrategyContext() # pragma: no cover"",
            ""class MockAutograph: # pragma: no cover"",
            ""    @staticmethod # pragma: no cover"",
            ""    def tf_convert(fn, ctx, convert_by_default): # pragma: no cover"",
            ""        return fn # pragma: no cover"",
            ""autograph = MockAutograph() # pragma: no cover"",
            ""class MockAutographCtx: # pragma: no cover"",
            ""    @staticmethod # pragma: no cover"",
            ""    def control_status_ctx(): # pragma: no cover"",
            ""        return None # pragma: no cover"",
            ""autograph_ctx = MockAutographCtx() # pragma: no cover"",
            ""fn = lambda v: v.assign(1.0) # pragma: no cover"",
            ""class MockSelf: # pragma: no cover"",
            ""    def _container_strategy(self): # pragma: no cover"",
            ""        return self # pragma: no cover"",
            ""    def scope(self): # pragma: no cover"",
            ""        return # pragma: no cover"",
            ""    def _update(self, var, fn, args, kwargs, group): # pragma: no cover"",
            ""        return var # pragma: no cover"",
            ""    def _replica_ctx_update(self, var, fn, args, kwargs, group): # pragma: no cover"",
            ""        return var # pragma: no cover"",
            ""self = MockSelf() # pragma: no cover"",
            ""args = () # pragma: no cover"",
            ""group = True # pragma: no cover""
        ]
    },
    {
        ""imports"": [
            """"
        ],
        ""initialization"": [
            ""kwargs = {} # pragma: no cover"",
            ""distribution_strategy_context = type('Mock', (object,), {'get_replica_context': lambda self: None, '_get_default_replica_context': lambda self: None})() # pragma: no cover"",
            ""autograph = type('Mock', (object,), {'tf_convert': lambda fn, ctx, convert_by_default: fn})() # pragma: no cover"",
            ""autograph_ctx = type('Mock', (object,), {'control_status_ctx': lambda: None})() # pragma: no cover"",
            ""fn = lambda v, *args, **kwargs: v.assign(1.0) # pragma: no cover"",
            ""self = type('Mock', (object,), { # pragma: no cover"",
            ""    '_container_strategy': lambda: self, # pragma: no cover"",
            ""    '_update': lambda var, fn, args, kwargs, group: var.assign_add(1.0), # pragma: no cover"",
            ""    '_replica_ctx_update': lambda var, fn, args, kwargs, group: var.assign_add(1.0) # pragma: no cover"",
            ""})() # pragma: no cover"",
            ""args = () # pragma: no cover"",
            ""group = True # pragma: no cover""
        ]
    },
    {
        ""imports"": [
            """"
        ],
        ""initialization"": [
            ""kwargs = {} # pragma: no cover"",
            ""class MockDistributionStrategyContext: # pragma: no cover"",
            ""    def get_replica_context(self): # pragma: no cover"",
            ""        return None # pragma: no cover"",
            ""    def _get_default_replica_context(self): # pragma: no cover"",
            ""        return None # pragma: no cover"",
            ""distribution_strategy_context = MockDistributionStrategyContext() # pragma: no cover"",
            ""class MockAutograph: # pragma: no cover"",
            ""    @staticmethod # pragma: no cover"",
            ""    def tf_convert(fn, ctx, convert_by_default): # pragma: no cover"",
            ""        return fn # pragma: no cover"",
            ""autograph = MockAutograph() # pragma: no cover"",
            ""class MockAutographContext: # pragma: no cover"",
            ""    @staticmethod # pragma: no cover"",
            ""    def control_status_ctx(): # pragma: no cover"",
            ""        return None # pragma: no cover"",
            ""autograph_ctx = MockAutographContext() # pragma: no cover"",
            ""class MockSelf: # pragma: no cover"",
            ""    def _container_strategy(self): # pragma: no cover"",
            ""        return self # pragma: no cover"",
            ""    def scope(self): # pragma: no cover"",
            ""        pass # pragma: no cover"",
            ""    def _update(self, var, fn, args, kwargs, group): # pragma: no cover"",
            ""        return var # pragma: no cover"",
            ""    def _replica_ctx_update(self, var, fn, args, kwargs, group): # pragma: no cover"",
            ""        return var # pragma: no cover"",
            ""self = MockSelf() # pragma: no cover"",
            ""args = (1.0,) # pragma: no cover"",
            ""group = True # pragma: no cover"",
            ""fn = lambda v: v.assign(1.0) # pragma: no cover""
        ]
    },
    {
        ""imports"": [
            """"
        ],
        ""initialization"": [
            ""kwargs = {} # pragma: no cover"",
            ""class MockDistributionStrategyContext: # pragma: no cover"",
            ""    def get_replica_context(self): return None # pragma: no cover"",
            ""    def _get_default_replica_context(self): return None # pragma: no cover"",
            ""distribution_strategy_context = MockDistributionStrategyContext() # pragma: no cover"",
            ""class MockAutograph: # pragma: no cover"",
            ""    @staticmethod # pragma: no cover"",
            ""    def tf_convert(fn, ctx, convert_by_default): return fn # pragma: no cover"",
            ""autograph = MockAutograph() # pragma: no cover"",
            ""class MockAutographContext: # pragma: no cover"",
            ""    @staticmethod # pragma: no cover"",
            ""    def control_status_ctx(): return None # pragma: no cover"",
            ""autograph_ctx = MockAutographContext() # pragma: no cover"",
            ""fn = lambda v: v.assign(1.0) # pragma: no cover"",
            ""class MockSelf: # pragma: no cover"",
            ""    def _container_strategy(self): return self # pragma: no cover"",
            ""    def scope(self): pass # pragma: no cover"",
            ""    def _update(self, var, fn, args, kwargs, group): return var # pragma: no cover"",
            ""    def _replica_ctx_update(self, var, fn, args, kwargs, group): return var # pragma: no cover"",
            ""self = MockSelf() # pragma: no cover"",
            ""args = () # pragma: no cover"",
            ""group = True # pragma: no cover""
        ]
    },
    {
        ""imports"": [
            """"
        ],
        ""initialization"": [
            ""kwargs = {} # pragma: no cover"",
            ""class MockDistributionStrategyContext: # pragma: no cover"",
            ""    def get_replica_context(self):# pragma: no cover"",
            ""        return None# pragma: no cover"",
            ""    @staticmethod# pragma: no cover"",
            ""    def _get_default_replica_context():# pragma: no cover"",
            ""        return None # pragma: no cover"",
            ""distribution_strategy_context = MockDistributionStrategyContext() # pragma: no cover"",
            ""class MockAutograph:# pragma: no cover"",
            ""    @staticmethod# pragma: no cover"",
            ""    def tf_convert(fn, ctx, convert_by_default):# pragma: no cover"",
            ""        return fn # pragma: no cover"",
            ""autograph = MockAutograph() # pragma: no cover"",
            ""class MockAutographCtx:# pragma: no cover"",
            ""    @staticmethod# pragma: no cover"",
            ""    def control_status_ctx():# pragma: no cover"",
            ""        return None # pragma: no cover"",
            ""autograph_ctx = MockAutographCtx() # pragma: no cover"",
            ""class MockSelf:# pragma: no cover"",
            ""    def _container_strategy(self):# pragma: no cover"",
            ""        return self# pragma: no cover"",
            ""    def scope(self):# pragma: no cover"",
            ""        pass# pragma: no cover"",
            ""    def _update(self, var, fn, args, kwargs, group):# pragma: no cover"",
            ""        return var# pragma: no cover"",
            ""    def _replica_ctx_update(self, var, fn, args, kwargs, group):# pragma: no cover"",
            ""        return var # pragma: no cover"",
            ""self = MockSelf() # pragma: no cover"",
            ""args = () # pragma: no cover"",
            ""group = True # pragma: no cover"",
            ""fn = lambda v: v.assign(1.0) # pragma: no cover""
        ]
    },
    {
        ""imports"": [
            """"
        ],
        ""initialization"": [
            ""kwargs = {} # pragma: no cover"",
            ""class MockDistributionStrategyContext(object): # pragma: no cover"",
            ""    def get_replica_context(self): # pragma: no cover"",
            ""        return None # pragma: no cover"",
            ""    def _get_default_replica_context(self): # pragma: no cover"",
            ""        return None # pragma: no cover"",
            ""distribution_strategy_context = MockDistributionStrategyContext() # pragma: no cover"",
            ""class MockAutograph(object): # pragma: no cover"",
            ""    @staticmethod # pragma: no cover"",
            ""    def tf_convert(fn, ctx, convert_by_default): # pragma: no cover"",
            ""        return fn # pragma: no cover"",
            ""autograph = MockAutograph() # pragma: no cover"",
            ""class MockAutographContext(object): # pragma: no cover"",
            ""    @staticmethod # pragma: no cover"",
            ""    def control_status_ctx(): # pragma: no cover"",
            ""        return None # pragma: no cover"",
            ""autograph_ctx = MockAutographContext() # pragma: no cover"",
            ""def update_fn(v): # pragma: no cover"",
            ""    return v.assign(1.0) # pragma: no cover"",
            ""self = type('MockSelf', (object,), { # pragma: no cover"",
            ""    '_container_strategy': lambda self: self, # pragma: no cover"",
            ""    '_update': lambda self, var, fn, args, kwargs, group: var, # pragma: no cover"",
            ""    '_replica_ctx_update': lambda self, var, fn, args, kwargs, group: var # pragma: no cover"",
            ""})() # pragma: no cover"",
            ""args = () # pragma: no cover"",
            ""group = True # pragma: no cover"",
            ""fn = update_fn # pragma: no cover""
        ]
    },
    {
        ""imports"": [
            """"
        ],
        ""initialization"": [
            ""kwargs = {} # pragma: no cover"",
            ""class MockDistributionStrategyContext: # pragma: no cover"",
            ""    def get_replica_context(self): # pragma: no cover"",
            ""        return None# pragma: no cover"",
            ""    def _get_default_replica_context(self): # pragma: no cover"",
            ""        return None # pragma: no cover"",
            ""distribution_strategy_context = MockDistributionStrategyContext() # pragma: no cover"",
            ""class MockAutograph: # pragma: no cover"",
            ""    @staticmethod # pragma: no cover"",
            ""    def tf_convert(fn, ctx, convert_by_default): # pragma: no cover"",
            ""        return fn # pragma: no cover"",
            ""autograph = MockAutograph() # pragma: no cover"",
            ""class MockAutographCtx: # pragma: no cover"",
            ""    @staticmethod # pragma: no cover"",
            ""    def control_status_ctx(): # pragma: no cover"",
            ""        return None # pragma: no cover"",
            ""autograph_ctx = MockAutographCtx() # pragma: no cover"",
            ""class MockSelf: # pragma: no cover"",
            ""    def _container_strategy(self): # pragma: no cover"",
            ""        return self# pragma: no cover"",
            ""    def scope(self): # pragma: no cover"",
            ""        pass# pragma: no cover"",
            ""    def _update(self, var, fn, args, kwargs, group): # pragma: no cover"",
            ""        return var.assign(var + 1.0)# pragma: no cover"",
            ""    def _replica_ctx_update(self, var, fn, args, kwargs, group): # pragma: no cover"",
            ""        return var.assign(var + 1.0) # pragma: no cover"",
            ""self = MockSelf() # pragma: no cover"",
            ""args = (1.0,) # pragma: no cover"",
            ""group = True # pragma: no cover"",
            ""fn = lambda v: v.assign_add(1.0) # pragma: no cover""
        ]
    },
    {
        ""imports"": [
            """"
        ],
        ""initialization"": [
            ""kwargs = {} # pragma: no cover"",
            ""class MockDistributionStrategyContext: # pragma: no cover"",
            ""    @staticmethod# pragma: no cover"",
            ""    def get_replica_context(): # pragma: no cover"",
            ""        return None# pragma: no cover"",
            ""    @staticmethod# pragma: no cover"",
            ""    def _get_default_replica_context(): # pragma: no cover"",
            ""        return None # pragma: no cover"",
            ""distribution_strategy_context = MockDistributionStrategyContext() # pragma: no cover"",
            ""class MockAutograph: # pragma: no cover"",
            ""    @staticmethod# pragma: no cover"",
            ""    def tf_convert(fn, ctx, convert_by_default): # pragma: no cover"",
            ""        return fn # pragma: no cover"",
            ""autograph = MockAutograph() # pragma: no cover"",
            ""class MockAutographContext: # pragma: no cover"",
            ""    @staticmethod# pragma: no cover"",
            ""    def control_status_ctx(): # pragma: no cover"",
            ""        return None # pragma: no cover"",
            ""autograph_ctx = MockAutographContext() # pragma: no cover"",
            ""class MockSelf: # pragma: no cover"",
            ""    def _container_strategy(self): # pragma: no cover"",
            ""        return self# pragma: no cover"",
            ""    def scope(self): # pragma: no cover"",
            ""        pass# pragma: no cover"",
            ""    def _update(self, var, fn, args, kwargs, group): # pragma: no cover"",
            ""        return var# pragma: no cover"",
            ""    def _replica_ctx_update(self, var, fn, args, kwargs, group): # pragma: no cover"",
            ""        return var # pragma: no cover"",
            ""self = MockSelf() # pragma: no cover"",
            ""args = (1.0,) # pragma: no cover"",
            ""group = True # pragma: no cover"",
            ""fn = lambda v: v.assign(1.0) # pragma: no cover""
        ]
    }
]",2,5664,0.002832,3030,0.004545,0.007377
"When trying to execute the code snippet with the provided imports and initialization, the following error happens:
# begin error message
Execution error at line 76:
    replica_context = distribution_strategy_context.get_replica_context()
TypeError: <lambda>() takes 0 positional arguments but 1 was given
# end error message

Please, provide self-contained and concrete Python fixed values of the imports and initialization to solve the error and make the code snippet executable.
Respond strictly with JSON. The JSON should be compatible with the TypeScript type `Response` from the following:

```ts
interface Response {
// Python import statements needed in the initialization code. One string per import.
imports: string[];
// Python code to initialize the undefined variables and make the code snippet executable. One string per undefined variable. The statements in the code snippet above are not part of the initialization of undefined variables. Therefore, their copy or modified versions should not be added here. The values should be self-contained and concrete, i.e. without assumptions or expected replacements of any code that is not present in the code snippet. In case there are undefined attributes or methods and the attribute or method base is not initialized, initialize the attribute or method base using type(""Mock"", bases, dict), where bases is a tuple containing the base classes that the Mock object inherits from, e.g. object, and dict is a dictionary containing the initialization of the undefined attributes and methods in the code snippet.
initialization: string[];
}
```","[
    {
        ""imports"": [
            ""import tensorflow as tf"",
            ""from tensorflow.python.distribute import distribution_strategy_context"",
            ""from tensorflow.python.autograph import autograph""
        ],
        ""initialization"": [
            ""kwargs = {}"",
            ""class MockDistributionStrategyContext:"",
            ""    def get_replica_context(self):"",
            ""        return None"",
            ""    def _get_default_replica_context(self):"",
            ""        return None"",
            ""distribution_strategy_context = MockDistributionStrategyContext()"",
            ""class MockAutograph:"",
            ""    @staticmethod"",
            ""    def tf_convert(fn, ctx, convert_by_default):"",
            ""        return fn"",
            ""autograph = MockAutograph()"",
            ""class MockAutographContext:"",
            ""    @staticmethod"",
            ""    def control_status_ctx():"",
            ""        return None"",
            ""autograph_ctx = MockAutographContext()"",
            ""fn = lambda v, *args, **kwargs: v.assign_add(1.0)"",
            ""self = type('MockSelf', (object,), {"",
            ""    '_container_strategy': lambda self: self,"",
            ""    '_update': lambda self, var, fn, args, kwargs, group: fn(var),"",
            ""    '_replica_ctx_update': lambda self, var, fn, args, kwargs, group: fn(var)"",
            ""})()"",
            ""var = tf.Variable(5.0, dtype=tf.float32)"",
            ""args = (1.0,)"",
            ""group = True""
        ]
    },
    {
        ""imports"": [
            ""import tensorflow as tf"",
            ""from tensorflow.python.distribute import distribution_strategy_context"",
            ""from tensorflow.python.autograph import autograph""
        ],
        ""initialization"": [
            ""kwargs = {}"",
            ""class MockDistributionStrategyContext:"",
            ""    @staticmethod"",
            ""    def get_replica_context():"",
            ""        return None"",
            ""    @staticmethod"",
            ""    def _get_default_replica_context():"",
            ""        return None"",
            ""distribution_strategy_context = MockDistributionStrategyContext()"",
            ""class MockAutograph:"",
            ""    @staticmethod"",
            ""    def tf_convert(fn, ctx, convert_by_default):"",
            ""        return fn"",
            ""autograph = MockAutograph()"",
            ""class MockAutographContext:"",
            ""    @staticmethod"",
            ""    def control_status_ctx():"",
            ""        return None"",
            ""autograph_ctx = MockAutographContext()"",
            ""def update_fn(v):"",
            ""    return v.assign_add(1.0)"",
            ""self = type('MockSelf', (object,), {"",
            ""    '_container_strategy': lambda: self,"",
            ""    '_update': lambda var, fn, args, kwargs, group: var.assign(var + 1.0),"",
            ""    '_replica_ctx_update': lambda var, fn, args, kwargs, group: var.assign(var + 1.0)"",
            ""})()"",
            ""var = tf.Variable(5.0, dtype=tf.float32)"",
            ""args = (1.0,)"",
            ""group = True"",
            ""fn = update_fn""
        ]
    },
    {
        ""imports"": [
            ""import tensorflow as tf"",
            ""from tensorflow.python.autograph import autograph""
        ],
        ""initialization"": [
            ""kwargs = {}"",
            ""class MockReplicaContext: pass"",
            ""class MockDistributionStrategyContext: \n    def get_replica_context(self): return MockReplicaContext()\n    def _get_default_replica_context(self): return MockReplicaContext()"",
            ""distribution_strategy_context = MockDistributionStrategyContext()"",
            ""class MockAutograph: \n    @staticmethod\n    def tf_convert(fn, ctx=None, convert_by_default=False): return fn"",
            ""autograph = MockAutograph()"",
            ""class MockAutographCtx: \n    @staticmethod\n    def control_status_ctx(): return None"",
            ""autograph_ctx = MockAutographCtx()"",
            ""self = type('MockSelf', (object,), { '_container_strategy': lambda self: self, '_update': lambda self, var, fn, args, kwargs, group: var.assign(var + 1), '_replica_ctx_update': lambda self, var, fn, args, kwargs, group: var.assign(var + 1) })()"",
            ""var = tf.Variable(5.0, dtype=tf.float32)"",
            ""args = (1.0,)"",
            ""group = True"",
            ""fn = lambda v: v.assign(1.0)""
        ]
    },
    {
        ""imports"": [
            ""import tensorflow as tf""
        ],
        ""initialization"": [
            ""kwargs = {}"",
            ""class MockDistributionStrategyContext(object):"",
            ""    def get_replica_context(self):"",
            ""        return None"",
            ""    def _get_default_replica_context(self):"",
            ""        return None"",
            ""distribution_strategy_context = MockDistributionStrategyContext()"",
            ""class MockAutograph(object):"",
            ""    @staticmethod"",
            ""    def tf_convert(fn, ctx, convert_by_default):"",
            ""        return fn"",
            ""autograph = MockAutograph()"",
            ""class MockAutographCtx(object):"",
            ""    @staticmethod"",
            ""    def control_status_ctx():"",
            ""        return None"",
            ""autograph_ctx = MockAutographCtx()"",
            ""class MockSelf(object):"",
            ""    def _container_strategy(self):"",
            ""        return self"",
            ""    def scope(self):"",
            ""        pass"",
            ""    def _update(self, var, fn, args, kwargs, group):"",
            ""        return var"",
            ""    def _replica_ctx_update(self, var, fn, args, kwargs, group):"",
            ""        return var"",
            ""self = MockSelf()"",
            ""var = tf.Variable(5.0, dtype=tf.float32)"",
            ""args = [1.0]"",
            ""group = True"",
            ""fn = lambda v: v.assign_add(1.0)""
        ]
    },
    {
        ""imports"": [
            ""import tensorflow as tf""
        ],
        ""initialization"": [
            ""kwargs = {}"",
            ""class MockDistributionStrategyContext: \n    @staticmethod\n    def get_replica_context(): \n        return None \n    @staticmethod\n    def _get_default_replica_context(): \n        return None"",
            ""distribution_strategy_context = MockDistributionStrategyContext()"",
            ""class MockAutograph: \n    @staticmethod\n    def tf_convert(fn, ctx, convert_by_default): \n        return fn"",
            ""autograph = MockAutograph()"",
            ""class MockAutographContext: \n    @staticmethod\n    def control_status_ctx(): \n        return None"",
            ""autograph_ctx = MockAutographContext()"",
            ""class MockSelf: \n    def _container_strategy(self): \n        return self \n    def scope(self): \n        return self \n    def _update(self, var, fn, args, kwargs, group): \n        return var \n    def _replica_ctx_update(self, var, fn, args, kwargs, group): \n        return var"",
            ""self = MockSelf()"",
            ""var = tf.Variable(5.0, aggregation=tf.VariableAggregation.SUM)"",
            ""args = (1.0, )"",
            ""group = True"",
            ""fn = lambda v: v.assign_add(1.0)""
        ]
    },
    {
        ""imports"": [
            ""import tensorflow as tf""
        ],
        ""initialization"": [
            ""kwargs = {}"",
            ""class MockDistributionStrategyContext:"",
            ""    def get_replica_context(self):"",
            ""        return None"",
            ""    def _get_default_replica_context(self):"",
            ""        return None"",
            ""distribution_strategy_context = MockDistributionStrategyContext()"",
            ""class MockAutograph:"",
            ""    @staticmethod"",
            ""    def tf_convert(fn, ctx, convert_by_default):"",
            ""        return fn"",
            ""autograph = MockAutograph()"",
            ""class MockAutographContext:"",
            ""    @staticmethod"",
            ""    def control_status_ctx():"",
            ""        return None"",
            ""autograph_ctx = MockAutographContext()"",
            ""class MockSelf:"",
            ""    def _container_strategy(self):"",
            ""        return self"",
            ""    def scope(self):"",
            ""        pass"",
            ""    def _update(self, var, fn, args, kwargs, group):"",
            ""        return var"",
            ""    def _replica_ctx_update(self, var, fn, args, kwargs, group):"",
            ""        return var"",
            ""self = MockSelf()"",
            ""var = tf.Variable(5.0, aggregation=tf.VariableAggregation.SUM)"",
            ""args = (1.0,)"",
            ""group = True"",
            ""fn = lambda v: v.assign_add(1.0)""
        ]
    },
    {
        ""imports"": [
            ""import tensorflow as tf"",
            ""from tensorflow.python.autograph import autograph"",
            ""from tensorflow.python.distribute import distribution_strategy_context""
        ],
        ""initialization"": [
            ""kwargs = {}"",
            ""class MockDistributionStrategyContext: \n    def get_replica_context(self): \n        return None \n    def _get_default_replica_context(self): \n        return None"",
            ""distribution_strategy_context = MockDistributionStrategyContext()"",
            ""class MockAutograph: \n    @staticmethod \n    def tf_convert(fn, ctx, convert_by_default): \n        return fn"",
            ""autograph = MockAutograph()"",
            ""class MockAutographCtx: \n    @staticmethod \n    def control_status_ctx(): \n        return None"",
            ""autograph_ctx = MockAutographCtx()"",
            ""def fn(v): \n    return v.assign_add(1.0)"",
            ""class MockSelf: \n    def _container_strategy(self):\n        return self\n    def scope(self):\n        pass\n    def _update(self, var, fn, args, kwargs, group):\n        return var\n    def _replica_ctx_update(self, var, fn, args, kwargs, group):\n        return var"",
            ""self = MockSelf()"",
            ""var = tf.Variable(5.0, dtype=tf.float32)"",
            ""args = (1.0,)"",
            ""group = True""
        ]
    },
    {
        ""imports"": [
            ""import tensorflow as tf"",
            ""from tensorflow.python.autograph import autograph""
        ],
        ""initialization"": [
            ""kwargs = {}"",
            ""class MockDistributionStrategyContext:"",
            ""    def get_replica_context(self):"",
            ""        return None"",
            ""    def _get_default_replica_context(self):"",
            ""        return None"",
            ""distribution_strategy_context = MockDistributionStrategyContext()"",
            ""class MockAutograph:"",
            ""    @staticmethod"",
            ""    def tf_convert(fn, ctx, convert_by_default):"",
            ""        return fn"",
            ""autograph = MockAutograph()"",
            ""class MockAutographCtx:"",
            ""    @staticmethod"",
            ""    def control_status_ctx():"",
            ""        return None"",
            ""autograph_ctx = MockAutographCtx()"",
            ""def update_fn(v):"",
            ""    return v.assign(1.0)"",
            ""self = type('MockSelf', (object,), {"",
            ""    '_container_strategy': lambda self: self,"",
            ""    '_update': lambda self, var, fn, args, kwargs, group: fn(var),"",
            ""    '_replica_ctx_update': lambda self, var, fn, args, kwargs, group: fn(var)"",
            ""})()"",
            ""var = tf.Variable(5.0, dtype=tf.float32)"",
            ""args = (1.0,)"",
            ""group = True"",
            ""fn = update_fn""
        ]
    },
    {
        ""imports"": [
            ""import tensorflow as tf"",
            ""from tensorflow.python.autograph import autograph""
        ],
        ""initialization"": [
            ""kwargs = {}"",
            ""class MockDistributionStrategyContext: \n    def get_replica_context(self): \n        return None\n    def _get_default_replica_context(self): \n        return None"",
            ""distribution_strategy_context = MockDistributionStrategyContext()"",
            ""class MockAutograph: \n    @staticmethod \n    def tf_convert(fn, ctx, convert_by_default): \n        return fn"",
            ""autograph = MockAutograph()"",
            ""class MockAutographContext: \n    @staticmethod\n    def control_status_ctx():\n        return None"",
            ""autograph_ctx = MockAutographContext()"",
            ""class MockSelf:\n    def _container_strategy(self):\n        return self\n    def scope(self):\n        return None\n    def _update(self, var, fn, args, kwargs, group):\n        return var\n    def _replica_ctx_update(self, var, fn, args, kwargs, group):\n        return var"",
            ""self = MockSelf()"",
            ""var = tf.Variable(5.0, dtype=tf.float32, aggregation=tf.VariableAggregation.SUM)"",
            ""args = (1.0,)"",
            ""group = True"",
            ""fn = lambda v: v.assign(v + 1.0)""
        ]
    },
    {
        ""imports"": [
            ""import tensorflow as tf"",
            ""from tensorflow.python.eager import context"",
            ""from tensorflow.python.autograph import autograph""
        ],
        ""initialization"": [
            ""kwargs = {}"",
            ""class MockDistributionStrategyContext: "",
            ""    @staticmethod"",
            ""    def get_replica_context(): return None"",
            ""    @staticmethod"",
            ""    def _get_default_replica_context(): return None"",
            ""distribution_strategy_context = MockDistributionStrategyContext()"",
            ""class MockAutograph: "",
            ""    @staticmethod"",
            ""    def tf_convert(fn, ctx, convert_by_default): return fn"",
            ""autograph = MockAutograph()"",
            ""class MockAutographCtx: "",
            ""    @staticmethod"",
            ""    def control_status_ctx(): return None"",
            ""autograph_ctx = MockAutographCtx()"",
            ""fn = lambda v, *args, **kwargs: v.assign_add(1.0)"",
            ""self = type('MockSelf', (object,), {"",
            ""    '_container_strategy': lambda: self,"",
            ""    '_update': lambda var, fn, args, kwargs, group: var.assign_add(1.0),"",
            ""    '_replica_ctx_update': lambda var, fn, args, kwargs, group: var.assign_add(1.0) })()"",
            ""var = tf.Variable(5.0, dtype=tf.float32)"",
            ""args = ()"",
            ""group = True""
        ]
    }
]","[
    {
        ""imports"": [
            """"
        ],
        ""initialization"": [
            ""kwargs = {} # pragma: no cover"",
            ""class MockDistributionStrategyContext: # pragma: no cover"",
            ""    def get_replica_context(self): # pragma: no cover"",
            ""        return None # pragma: no cover"",
            ""    def _get_default_replica_context(self): # pragma: no cover"",
            ""        return None # pragma: no cover"",
            ""distribution_strategy_context = MockDistributionStrategyContext() # pragma: no cover"",
            ""class MockAutograph: # pragma: no cover"",
            ""    @staticmethod # pragma: no cover"",
            ""    def tf_convert(fn, ctx, convert_by_default): # pragma: no cover"",
            ""        return fn # pragma: no cover"",
            ""autograph = MockAutograph() # pragma: no cover"",
            ""class MockAutographContext: # pragma: no cover"",
            ""    @staticmethod # pragma: no cover"",
            ""    def control_status_ctx(): # pragma: no cover"",
            ""        return None # pragma: no cover"",
            ""autograph_ctx = MockAutographContext() # pragma: no cover"",
            ""fn = lambda v, *args, **kwargs: v.assign_add(1.0) # pragma: no cover"",
            ""self = type('MockSelf', (object,), { # pragma: no cover"",
            ""    '_container_strategy': lambda self: self, # pragma: no cover"",
            ""    '_update': lambda self, var, fn, args, kwargs, group: fn(var), # pragma: no cover"",
            ""    '_replica_ctx_update': lambda self, var, fn, args, kwargs, group: fn(var) # pragma: no cover"",
            ""})() # pragma: no cover"",
            ""args = (1.0,) # pragma: no cover"",
            ""group = True # pragma: no cover""
        ]
    },
    {
        ""imports"": [
            """"
        ],
        ""initialization"": [
            ""kwargs = {} # pragma: no cover"",
            ""class MockDistributionStrategyContext: # pragma: no cover"",
            ""    @staticmethod # pragma: no cover"",
            ""    def get_replica_context(): # pragma: no cover"",
            ""        return None # pragma: no cover"",
            ""    @staticmethod # pragma: no cover"",
            ""    def _get_default_replica_context(): # pragma: no cover"",
            ""        return None # pragma: no cover"",
            ""distribution_strategy_context = MockDistributionStrategyContext() # pragma: no cover"",
            ""class MockAutograph: # pragma: no cover"",
            ""    @staticmethod # pragma: no cover"",
            ""    def tf_convert(fn, ctx, convert_by_default): # pragma: no cover"",
            ""        return fn # pragma: no cover"",
            ""autograph = MockAutograph() # pragma: no cover"",
            ""class MockAutographContext: # pragma: no cover"",
            ""    @staticmethod # pragma: no cover"",
            ""    def control_status_ctx(): # pragma: no cover"",
            ""        return None # pragma: no cover"",
            ""autograph_ctx = MockAutographContext() # pragma: no cover"",
            ""def update_fn(v): # pragma: no cover"",
            ""    return v.assign_add(1.0) # pragma: no cover"",
            ""self = type('MockSelf', (object,), { # pragma: no cover"",
            ""    '_container_strategy': lambda: self, # pragma: no cover"",
            ""    '_update': lambda var, fn, args, kwargs, group: var.assign(var + 1.0), # pragma: no cover"",
            ""    '_replica_ctx_update': lambda var, fn, args, kwargs, group: var.assign(var + 1.0) # pragma: no cover"",
            ""})() # pragma: no cover"",
            ""args = (1.0,) # pragma: no cover"",
            ""group = True # pragma: no cover"",
            ""fn = update_fn # pragma: no cover""
        ]
    },
    {
        ""imports"": [
            """"
        ],
        ""initialization"": [
            ""kwargs = {} # pragma: no cover"",
            ""class MockReplicaContext: pass # pragma: no cover"",
            ""class MockDistributionStrategyContext: # pragma: no cover"",
            ""    def get_replica_context(self): return MockReplicaContext()# pragma: no cover"",
            ""    def _get_default_replica_context(self): return MockReplicaContext() # pragma: no cover"",
            ""distribution_strategy_context = MockDistributionStrategyContext() # pragma: no cover"",
            ""class MockAutograph: # pragma: no cover"",
            ""    @staticmethod# pragma: no cover"",
            ""    def tf_convert(fn, ctx=None, convert_by_default=False): return fn # pragma: no cover"",
            ""autograph = MockAutograph() # pragma: no cover"",
            ""class MockAutographCtx: # pragma: no cover"",
            ""    @staticmethod# pragma: no cover"",
            ""    def control_status_ctx(): return None # pragma: no cover"",
            ""autograph_ctx = MockAutographCtx() # pragma: no cover"",
            ""self = type('MockSelf', (object,), { '_container_strategy': lambda self: self, '_update': lambda self, var, fn, args, kwargs, group: var.assign(var + 1), '_replica_ctx_update': lambda self, var, fn, args, kwargs, group: var.assign(var + 1) })() # pragma: no cover"",
            ""args = (1.0,) # pragma: no cover"",
            ""group = True # pragma: no cover"",
            ""fn = lambda v: v.assign(1.0) # pragma: no cover""
        ]
    },
    {
        ""imports"": [
            """"
        ],
        ""initialization"": [
            ""kwargs = {} # pragma: no cover"",
            ""class MockDistributionStrategyContext(object): # pragma: no cover"",
            ""    def get_replica_context(self): # pragma: no cover"",
            ""        return None # pragma: no cover"",
            ""    def _get_default_replica_context(self): # pragma: no cover"",
            ""        return None # pragma: no cover"",
            ""distribution_strategy_context = MockDistributionStrategyContext() # pragma: no cover"",
            ""class MockAutograph(object): # pragma: no cover"",
            ""    @staticmethod # pragma: no cover"",
            ""    def tf_convert(fn, ctx, convert_by_default): # pragma: no cover"",
            ""        return fn # pragma: no cover"",
            ""autograph = MockAutograph() # pragma: no cover"",
            ""class MockAutographCtx(object): # pragma: no cover"",
            ""    @staticmethod # pragma: no cover"",
            ""    def control_status_ctx(): # pragma: no cover"",
            ""        return None # pragma: no cover"",
            ""autograph_ctx = MockAutographCtx() # pragma: no cover"",
            ""class MockSelf(object): # pragma: no cover"",
            ""    def _container_strategy(self): # pragma: no cover"",
            ""        return self # pragma: no cover"",
            ""    def scope(self): # pragma: no cover"",
            ""        pass # pragma: no cover"",
            ""    def _update(self, var, fn, args, kwargs, group): # pragma: no cover"",
            ""        return var # pragma: no cover"",
            ""    def _replica_ctx_update(self, var, fn, args, kwargs, group): # pragma: no cover"",
            ""        return var # pragma: no cover"",
            ""self = MockSelf() # pragma: no cover"",
            ""args = [1.0] # pragma: no cover"",
            ""group = True # pragma: no cover"",
            ""fn = lambda v: v.assign_add(1.0) # pragma: no cover""
        ]
    },
    {
        ""imports"": [
            """"
        ],
        ""initialization"": [
            ""kwargs = {} # pragma: no cover"",
            ""class MockDistributionStrategyContext: # pragma: no cover"",
            ""    @staticmethod# pragma: no cover"",
            ""    def get_replica_context(): # pragma: no cover"",
            ""        return None # pragma: no cover"",
            ""    @staticmethod# pragma: no cover"",
            ""    def _get_default_replica_context(): # pragma: no cover"",
            ""        return None # pragma: no cover"",
            ""distribution_strategy_context = MockDistributionStrategyContext() # pragma: no cover"",
            ""class MockAutograph: # pragma: no cover"",
            ""    @staticmethod# pragma: no cover"",
            ""    def tf_convert(fn, ctx, convert_by_default): # pragma: no cover"",
            ""        return fn # pragma: no cover"",
            ""autograph = MockAutograph() # pragma: no cover"",
            ""class MockAutographContext: # pragma: no cover"",
            ""    @staticmethod# pragma: no cover"",
            ""    def control_status_ctx(): # pragma: no cover"",
            ""        return None # pragma: no cover"",
            ""autograph_ctx = MockAutographContext() # pragma: no cover"",
            ""class MockSelf: # pragma: no cover"",
            ""    def _container_strategy(self): # pragma: no cover"",
            ""        return self # pragma: no cover"",
            ""    def scope(self): # pragma: no cover"",
            ""        return self # pragma: no cover"",
            ""    def _update(self, var, fn, args, kwargs, group): # pragma: no cover"",
            ""        return var # pragma: no cover"",
            ""    def _replica_ctx_update(self, var, fn, args, kwargs, group): # pragma: no cover"",
            ""        return var # pragma: no cover"",
            ""self = MockSelf() # pragma: no cover"",
            ""args = (1.0, ) # pragma: no cover"",
            ""group = True # pragma: no cover"",
            ""fn = lambda v: v.assign_add(1.0) # pragma: no cover""
        ]
    },
    {
        ""imports"": [
            """"
        ],
        ""initialization"": [
            ""kwargs = {} # pragma: no cover"",
            ""class MockDistributionStrategyContext: # pragma: no cover"",
            ""    def get_replica_context(self): # pragma: no cover"",
            ""        return None # pragma: no cover"",
            ""    def _get_default_replica_context(self): # pragma: no cover"",
            ""        return None # pragma: no cover"",
            ""distribution_strategy_context = MockDistributionStrategyContext() # pragma: no cover"",
            ""class MockAutograph: # pragma: no cover"",
            ""    @staticmethod # pragma: no cover"",
            ""    def tf_convert(fn, ctx, convert_by_default): # pragma: no cover"",
            ""        return fn # pragma: no cover"",
            ""autograph = MockAutograph() # pragma: no cover"",
            ""class MockAutographContext: # pragma: no cover"",
            ""    @staticmethod # pragma: no cover"",
            ""    def control_status_ctx(): # pragma: no cover"",
            ""        return None # pragma: no cover"",
            ""autograph_ctx = MockAutographContext() # pragma: no cover"",
            ""class MockSelf: # pragma: no cover"",
            ""    def _container_strategy(self): # pragma: no cover"",
            ""        return self # pragma: no cover"",
            ""    def scope(self): # pragma: no cover"",
            ""        pass # pragma: no cover"",
            ""    def _update(self, var, fn, args, kwargs, group): # pragma: no cover"",
            ""        return var # pragma: no cover"",
            ""    def _replica_ctx_update(self, var, fn, args, kwargs, group): # pragma: no cover"",
            ""        return var # pragma: no cover"",
            ""self = MockSelf() # pragma: no cover"",
            ""args = (1.0,) # pragma: no cover"",
            ""group = True # pragma: no cover"",
            ""fn = lambda v: v.assign_add(1.0) # pragma: no cover""
        ]
    },
    {
        ""imports"": [
            """"
        ],
        ""initialization"": [
            ""kwargs = {} # pragma: no cover"",
            ""class MockDistributionStrategyContext: # pragma: no cover"",
            ""    def get_replica_context(self): # pragma: no cover"",
            ""        return None # pragma: no cover"",
            ""    def _get_default_replica_context(self): # pragma: no cover"",
            ""        return None # pragma: no cover"",
            ""distribution_strategy_context = MockDistributionStrategyContext() # pragma: no cover"",
            ""class MockAutograph: # pragma: no cover"",
            ""    @staticmethod # pragma: no cover"",
            ""    def tf_convert(fn, ctx, convert_by_default): # pragma: no cover"",
            ""        return fn # pragma: no cover"",
            ""autograph = MockAutograph() # pragma: no cover"",
            ""class MockAutographCtx: # pragma: no cover"",
            ""    @staticmethod # pragma: no cover"",
            ""    def control_status_ctx(): # pragma: no cover"",
            ""        return None # pragma: no cover"",
            ""autograph_ctx = MockAutographCtx() # pragma: no cover"",
            ""def fn(v): # pragma: no cover"",
            ""    return v.assign_add(1.0) # pragma: no cover"",
            ""class MockSelf: # pragma: no cover"",
            ""    def _container_strategy(self):# pragma: no cover"",
            ""        return self# pragma: no cover"",
            ""    def scope(self):# pragma: no cover"",
            ""        pass# pragma: no cover"",
            ""    def _update(self, var, fn, args, kwargs, group):# pragma: no cover"",
            ""        return var# pragma: no cover"",
            ""    def _replica_ctx_update(self, var, fn, args, kwargs, group):# pragma: no cover"",
            ""        return var # pragma: no cover"",
            ""self = MockSelf() # pragma: no cover"",
            ""args = (1.0,) # pragma: no cover"",
            ""group = True # pragma: no cover""
        ]
    },
    {
        ""imports"": [
            """"
        ],
        ""initialization"": [
            ""kwargs = {} # pragma: no cover"",
            ""class MockDistributionStrategyContext: # pragma: no cover"",
            ""    def get_replica_context(self): # pragma: no cover"",
            ""        return None # pragma: no cover"",
            ""    def _get_default_replica_context(self): # pragma: no cover"",
            ""        return None # pragma: no cover"",
            ""distribution_strategy_context = MockDistributionStrategyContext() # pragma: no cover"",
            ""class MockAutograph: # pragma: no cover"",
            ""    @staticmethod # pragma: no cover"",
            ""    def tf_convert(fn, ctx, convert_by_default): # pragma: no cover"",
            ""        return fn # pragma: no cover"",
            ""autograph = MockAutograph() # pragma: no cover"",
            ""class MockAutographCtx: # pragma: no cover"",
            ""    @staticmethod # pragma: no cover"",
            ""    def control_status_ctx(): # pragma: no cover"",
            ""        return None # pragma: no cover"",
            ""autograph_ctx = MockAutographCtx() # pragma: no cover"",
            ""def update_fn(v): # pragma: no cover"",
            ""    return v.assign(1.0) # pragma: no cover"",
            ""self = type('MockSelf', (object,), { # pragma: no cover"",
            ""    '_container_strategy': lambda self: self, # pragma: no cover"",
            ""    '_update': lambda self, var, fn, args, kwargs, group: fn(var), # pragma: no cover"",
            ""    '_replica_ctx_update': lambda self, var, fn, args, kwargs, group: fn(var) # pragma: no cover"",
            ""})() # pragma: no cover"",
            ""args = (1.0,) # pragma: no cover"",
            ""group = True # pragma: no cover"",
            ""fn = update_fn # pragma: no cover""
        ]
    },
    {
        ""imports"": [
            """"
        ],
        ""initialization"": [
            ""kwargs = {} # pragma: no cover"",
            ""class MockDistributionStrategyContext: # pragma: no cover"",
            ""    def get_replica_context(self): # pragma: no cover"",
            ""        return None# pragma: no cover"",
            ""    def _get_default_replica_context(self): # pragma: no cover"",
            ""        return None # pragma: no cover"",
            ""distribution_strategy_context = MockDistributionStrategyContext() # pragma: no cover"",
            ""class MockAutograph: # pragma: no cover"",
            ""    @staticmethod # pragma: no cover"",
            ""    def tf_convert(fn, ctx, convert_by_default): # pragma: no cover"",
            ""        return fn # pragma: no cover"",
            ""autograph = MockAutograph() # pragma: no cover"",
            ""class MockAutographContext: # pragma: no cover"",
            ""    @staticmethod# pragma: no cover"",
            ""    def control_status_ctx():# pragma: no cover"",
            ""        return None # pragma: no cover"",
            ""autograph_ctx = MockAutographContext() # pragma: no cover"",
            ""class MockSelf:# pragma: no cover"",
            ""    def _container_strategy(self):# pragma: no cover"",
            ""        return self# pragma: no cover"",
            ""    def scope(self):# pragma: no cover"",
            ""        return None# pragma: no cover"",
            ""    def _update(self, var, fn, args, kwargs, group):# pragma: no cover"",
            ""        return var# pragma: no cover"",
            ""    def _replica_ctx_update(self, var, fn, args, kwargs, group):# pragma: no cover"",
            ""        return var # pragma: no cover"",
            ""self = MockSelf() # pragma: no cover"",
            ""args = (1.0,) # pragma: no cover"",
            ""group = True # pragma: no cover"",
            ""fn = lambda v: v.assign(v + 1.0) # pragma: no cover""
        ]
    },
    {
        ""imports"": [
            """"
        ],
        ""initialization"": [
            ""kwargs = {} # pragma: no cover"",
            ""class MockDistributionStrategyContext:  # pragma: no cover"",
            ""    @staticmethod # pragma: no cover"",
            ""    def get_replica_context(): return None # pragma: no cover"",
            ""    @staticmethod # pragma: no cover"",
            ""    def _get_default_replica_context(): return None # pragma: no cover"",
            ""distribution_strategy_context = MockDistributionStrategyContext() # pragma: no cover"",
            ""class MockAutograph:  # pragma: no cover"",
            ""    @staticmethod # pragma: no cover"",
            ""    def tf_convert(fn, ctx, convert_by_default): return fn # pragma: no cover"",
            ""autograph = MockAutograph() # pragma: no cover"",
            ""class MockAutographCtx:  # pragma: no cover"",
            ""    @staticmethod # pragma: no cover"",
            ""    def control_status_ctx(): return None # pragma: no cover"",
            ""autograph_ctx = MockAutographCtx() # pragma: no cover"",
            ""fn = lambda v, *args, **kwargs: v.assign_add(1.0) # pragma: no cover"",
            ""self = type('MockSelf', (object,), { # pragma: no cover"",
            ""    '_container_strategy': lambda: self, # pragma: no cover"",
            ""    '_update': lambda var, fn, args, kwargs, group: var.assign_add(1.0), # pragma: no cover"",
            ""    '_replica_ctx_update': lambda var, fn, args, kwargs, group: var.assign_add(1.0) })() # pragma: no cover"",
            ""args = () # pragma: no cover"",
            ""group = True # pragma: no cover""
        ]
    }
]",2,6233,0.0031165,3258,0.004887,0.0080035
"When trying to execute the code snippet with the provided imports and initialization, the following error happens:
# begin error message
Execution error at line 86:
    fn = autograph.tf_convert(
NameError: name 'autograph' is not defined
# end error message

Please, provide self-contained and concrete Python fixed values of the imports and initialization to solve the error and make the code snippet executable.
Respond strictly with JSON. The JSON should be compatible with the TypeScript type `Response` from the following:

```ts
interface Response {
// Python import statements needed in the initialization code. One string per import.
imports: string[];
// Python code to initialize the undefined variables and make the code snippet executable. One string per undefined variable. The statements in the code snippet above are not part of the initialization of undefined variables. Therefore, their copy or modified versions should not be added here. The values should be self-contained and concrete, i.e. without assumptions or expected replacements of any code that is not present in the code snippet. In case there are undefined attributes or methods and the attribute or method base is not initialized, initialize the attribute or method base using type(""Mock"", bases, dict), where bases is a tuple containing the base classes that the Mock object inherits from, e.g. object, and dict is a dictionary containing the initialization of the undefined attributes and methods in the code snippet.
initialization: string[];
}
```","[
    {
        ""imports"": [
            ""import tensorflow as tf"",
            ""from tensorflow.python.autograph import autograph""
        ],
        ""initialization"": [
            ""kwargs = {}"",
            ""class MockDistributionStrategyContext: \n    @staticmethod\n    def get_replica_context(): return None\n    @staticmethod\n    def _get_default_replica_context(): return None"",
            ""distribution_strategy_context = MockDistributionStrategyContext()"",
            ""class MockAutograph: \n    @staticmethod\n    def tf_convert(fn, ctx, convert_by_default): return fn"",
            ""autograph = MockAutograph()"",
            ""class MockAutographContext: \n    @staticmethod\n    def control_status_ctx(): return None"",
            ""autograph_ctx = MockAutographContext()"",
            ""self = type('MockSelf', (object,), { '_container_strategy': lambda: self, '_update': lambda var, fn, args, kwargs, group: var, '_replica_ctx_update': lambda var, fn, args, kwargs, group: var })()"",
            ""var = tf.Variable(5.0, aggregation=tf.VariableAggregation.SUM)"",
            ""args = (1.0,)"",
            ""group = True"",
            ""fn = lambda v: v.assign_add(1.0)""
        ]
    },
    {
        ""imports"": [
            ""import tensorflow as tf"",
            ""from tensorflow.python.autograph import autograph""
        ],
        ""initialization"": [
            ""kwargs = {}"",
            ""class MockDistributionStrategyContext(object):"",
            ""    @staticmethod"",
            ""    def get_replica_context():"",
            ""        return None"",
            ""    @staticmethod"",
            ""    def _get_default_replica_context():"",
            ""        return None"",
            ""distribution_strategy_context = MockDistributionStrategyContext()"",
            ""class MockAutograph(object):"",
            ""    @staticmethod"",
            ""    def tf_convert(fn, ctx, convert_by_default):"",
            ""        return fn"",
            ""autograph = MockAutograph()"",
            ""class MockAutographCtx(object):"",
            ""    @staticmethod"",
            ""    def control_status_ctx():"",
            ""        return None"",
            ""autograph_ctx = MockAutographCtx()"",
            ""class MockSelf(object):"",
            ""    def _container_strategy(self):"",
            ""        return self"",
            ""    def scope(self):"",
            ""        pass"",
            ""    def _update(self, var, fn, args, kwargs, group):"",
            ""        return var"",
            ""    def _replica_ctx_update(self, var, fn, args, kwargs, group):"",
            ""        return var"",
            ""self = MockSelf()"",
            ""var = tf.Variable(5.0, aggregation=tf.VariableAggregation.SUM)"",
            ""args = ()"",
            ""group = True"",
            ""fn = lambda v: v.assign(1.0)""
        ]
    },
    {
        ""imports"": [
            ""import tensorflow as tf"",
            ""from tensorflow.python.autograph import autograph""
        ],
        ""initialization"": [
            ""kwargs = {}"",
            ""class MockDistributionStrategyContext(object):"",
            ""    @staticmethod"",
            ""    def get_replica_context():"",
            ""        return None"",
            ""    @staticmethod"",
            ""    def _get_default_replica_context():"",
            ""        return None"",
            ""distribution_strategy_context = MockDistributionStrategyContext()"",
            ""autograph_ctx = type('Mock', (object,), {'control_status_ctx': lambda: None})()"",
            ""def mock_tf_convert(fn, ctx, convert_by_default):"",
            ""    return fn"",
            ""autograph.tf_convert = mock_tf_convert"",
            ""fn = lambda v, *args, **kwargs: v.assign(v + 1.0)"",
            ""class MockSelf(object):"",
            ""    def _container_strategy(self):"",
            ""        return self"",
            ""    def scope(self):"",
            ""        pass"",
            ""    def _update(self, var, fn, args, kwargs, group):"",
            ""        return var"",
            ""    def _replica_ctx_update(self, var, fn, args, kwargs, group):"",
            ""        return var"",
            ""self = MockSelf()"",
            ""var = tf.Variable(5.0, dtype=tf.float32, aggregation=tf.VariableAggregation.SUM)"",
            ""args = (1.0,)"",
            ""group = True""
        ]
    },
    {
        ""imports"": [
            ""import tensorflow as tf"",
            ""from tensorflow.python.autograph import autograph""
        ],
        ""initialization"": [
            ""kwargs = {}"",
            ""class MockDistributionStrategyContext(object):"",
            ""    @staticmethod"",
            ""    def get_replica_context():"",
            ""        return None"",
            ""    @staticmethod"",
            ""    def _get_default_replica_context():"",
            ""        return None"",
            ""distribution_strategy_context = MockDistributionStrategyContext()"",
            ""autograph_ctx = type('Mock', (object,), {'control_status_ctx': lambda: None})()"",
            ""fn = lambda v: v.assign(1.0)"",
            ""class MockSelf(object):"",
            ""    def _container_strategy(self):"",
            ""        return self"",
            ""    def scope(self):"",
            ""        pass"",
            ""    def _update(self, var, fn, args, kwargs, group):"",
            ""        return var"",
            ""    def _replica_ctx_update(self, var, fn, args, kwargs, group):"",
            ""        return var"",
            ""self = MockSelf()"",
            ""var = tf.Variable(5.0, aggregation=tf.VariableAggregation.SUM)"",
            ""args = ()"",
            ""group = True""
        ]
    },
    {
        ""imports"": [
            ""import tensorflow as tf"",
            ""from tensorflow.python.autograph import autograph""
        ],
        ""initialization"": [
            ""kwargs = {}"",
            ""class MockDistributionStrategyContext: \n    @staticmethod\n    def get_replica_context(): \n        return None\n\n    @staticmethod\n    def _get_default_replica_context(): \n        return None\n\ndistribution_strategy_context = MockDistributionStrategyContext()"",
            ""class MockAutograph: \n    @staticmethod\n    def tf_convert(fn, ctx, convert_by_default): \n        return fn\n\nautograph = MockAutograph()"",
            ""class MockAutographContext: \n    @staticmethod\n    def control_status_ctx(): \n        return None\n\nautograph_ctx = MockAutographContext()"",
            ""var = tf.Variable(5.0, aggregation=tf.VariableAggregation.SUM)"",
            ""args = (1.0,)"",
            ""group = True"",
            ""fn = lambda v: v.assign(1.0)"",
            ""self = type('Mock', (object,), {"",
            ""    '_container_strategy': lambda: self,"",
            ""    '_update': lambda var, fn, args, kwargs, group: var.assign(var.read_value() + args[0]),"",
            ""    '_replica_ctx_update': lambda var, fn, args, kwargs, group: var.assign(var.read_value() + args[0])"",
            ""})()""
        ]
    },
    {
        ""imports"": [
            ""import tensorflow as tf"",
            ""from tensorflow.python.autograph import autograph"",
            ""from tensorflow.python.distribute import distribution_strategy_context""
        ],
        ""initialization"": [
            ""kwargs = {}"",
            ""class MockDistributionStrategyContext(object):"",
            ""    @staticmethod"",
            ""    def get_replica_context():"",
            ""        return None"",
            ""    @staticmethod"",
            ""    def _get_default_replica_context():"",
            ""        return None"",
            ""distribution_strategy_context = MockDistributionStrategyContext()"",
            ""class MockAutograph(object):"",
            ""    @staticmethod"",
            ""    def tf_convert(fn, ctx, convert_by_default):"",
            ""        return fn"",
            ""autograph = MockAutograph()"",
            ""class MockAutographCtx(object):"",
            ""    @staticmethod"",
            ""    def control_status_ctx():"",
            ""        return None"",
            ""autograph_ctx = MockAutographCtx()"",
            ""class MockSelf(object):"",
            ""    def _container_strategy(self):"",
            ""        return self"",
            ""    def scope(self):"",
            ""        pass"",
            ""    def _update(self, var, fn, args, kwargs, group):"",
            ""        return var"",
            ""    def _replica_ctx_update(self, var, fn, args, kwargs, group):"",
            ""        return var"",
            ""self = MockSelf()"",
            ""var = tf.Variable(5.0, aggregation=tf.VariableAggregation.SUM)"",
            ""args = ()"",
            ""group = True"",
            ""fn = lambda v: v.assign(1.0)""
        ]
    },
    {
        ""imports"": [
            ""import tensorflow as tf"",
            ""from tensorflow.python.autograph import autograph"",
            ""from tensorflow.python.distribute import distribution_strategy_context""
        ],
        ""initialization"": [
            ""kwargs = {}"",
            ""class MockDistributionStrategyContext(object):"",
            ""    @staticmethod"",
            ""    def get_replica_context():"",
            ""        return None"",
            ""    @staticmethod"",
            ""    def _get_default_replica_context():"",
            ""        return None"",
            ""distribution_strategy_context = MockDistributionStrategyContext()"",
            ""class MockAutograph(object):"",
            ""    @staticmethod"",
            ""    def tf_convert(fn, ctx, convert_by_default):"",
            ""        return fn"",
            ""autograph = MockAutograph()"",
            ""class MockAutographContext(object):"",
            ""    @staticmethod"",
            ""    def control_status_ctx():"",
            ""        return None"",
            ""autograph_ctx = MockAutographContext()"",
            ""class MockSelf(object):"",
            ""    def _container_strategy(self):"",
            ""        return self"",
            ""    def scope(self):"",
            ""        pass"",
            ""    def _update(self, var, fn, args, kwargs, group):"",
            ""        return var"",
            ""    def _replica_ctx_update(self, var, fn, args, kwargs, group):"",
            ""        return var"",
            ""self = MockSelf()"",
            ""var = tf.Variable(5.0, aggregation=tf.VariableAggregation.SUM)"",
            ""args = (1.0,)"",
            ""group = True"",
            ""fn = lambda v: v.assign_add(1.0)""
        ]
    },
    {
        ""imports"": [
            ""import tensorflow as tf"",
            ""from tensorflow.python.autograph import autograph""
        ],
        ""initialization"": [
            ""kwargs = {}"",
            ""class MockDistributionStrategyContext: "",
            ""    @staticmethod"",
            ""    def get_replica_context():"",
            ""        return None"",
            ""    @staticmethod"",
            ""    def _get_default_replica_context():"",
            ""        return None"",
            ""distribution_strategy_context = MockDistributionStrategyContext()"",
            ""autograph_ctx = type('Mock', (object,), {'control_status_ctx': lambda: None})()"",
            ""fn = lambda v, *args, **kwargs: v.assign(1.0)"",
            ""self = type('Mock', (object,), {"",
            ""    '_container_strategy': lambda: self,"",
            ""    '_update': lambda var, fn, args, kwargs, group: var,"",
            ""    '_replica_ctx_update': lambda var, fn, args, kwargs, group: var"",
            ""})()"",
            ""var = tf.Variable(5.0, dtype=tf.float32)"",
            ""args = (1.0,)"",
            ""group = True""
        ]
    },
    {
        ""imports"": [
            ""import tensorflow as tf"",
            ""from tensorflow.python.autograph import autograph""
        ],
        ""initialization"": [
            ""kwargs = {}"",
            ""distribution_strategy_context = type('Mock', (object,), {'get_replica_context': lambda: None, '_get_default_replica_context': lambda: None})()"",
            ""autograph_ctx = type('Mock', (object,), {'control_status_ctx': lambda: None})()"",
            ""fn = lambda v: v.assign_add(1.0)"",
            ""class MockSelf:"",
            ""    def _container_strategy(self):"",
            ""        return self"",
            ""    def scope(self):"",
            ""        pass"",
            ""    def _update(self, var, fn, args, kwargs, group):"",
            ""        return var"",
            ""    def _replica_ctx_update(self, var, fn, args, kwargs, group):"",
            ""        return var"",
            ""self = MockSelf()"",
            ""var = tf.Variable(5.0, dtype=tf.float32)"",
            ""args = (1.0,)"",
            ""group = True""
        ]
    },
    {
        ""imports"": [
            ""import tensorflow as tf"",
            ""from tensorflow.python.autograph import autograph""
        ],
        ""initialization"": [
            ""kwargs = {}"",
            ""distribution_strategy_context = type('Mock', (object,), {'get_replica_context': lambda: None, '_get_default_replica_context': lambda: None})()"",
            ""autograph_ctx = type('Mock', (object,), {'control_status_ctx': lambda: None})()"",
            ""def update_fn(v): return v.assign_add(1.0)"",
            ""fn = autograph.tf_convert(update_fn, autograph_ctx.control_status_ctx(), convert_by_default=False)"",
            ""self = type('Mock', (object,), { '_container_strategy': lambda: self, '_update': lambda var, fn, args, kwargs, group: var.assign(var + 1.0), '_replica_ctx_update': lambda var, fn, args, kwargs, group: var.assign(var + 1.0), 'scope': lambda: None })()"",
            ""var = tf.Variable(5.0, dtype=tf.float32)"",
            ""args = (1.0,)"",
            ""group = True""
        ]
    }
]","[
    {
        ""imports"": [
            """"
        ],
        ""initialization"": [
            ""kwargs = {} # pragma: no cover"",
            ""class MockDistributionStrategyContext: # pragma: no cover"",
            ""    @staticmethod# pragma: no cover"",
            ""    def get_replica_context(): return None# pragma: no cover"",
            ""    @staticmethod# pragma: no cover"",
            ""    def _get_default_replica_context(): return None # pragma: no cover"",
            ""distribution_strategy_context = MockDistributionStrategyContext() # pragma: no cover"",
            ""class MockAutograph: # pragma: no cover"",
            ""    @staticmethod# pragma: no cover"",
            ""    def tf_convert(fn, ctx, convert_by_default): return fn # pragma: no cover"",
            ""autograph = MockAutograph() # pragma: no cover"",
            ""class MockAutographContext: # pragma: no cover"",
            ""    @staticmethod# pragma: no cover"",
            ""    def control_status_ctx(): return None # pragma: no cover"",
            ""autograph_ctx = MockAutographContext() # pragma: no cover"",
            ""self = type('MockSelf', (object,), { '_container_strategy': lambda: self, '_update': lambda var, fn, args, kwargs, group: var, '_replica_ctx_update': lambda var, fn, args, kwargs, group: var })() # pragma: no cover"",
            ""args = (1.0,) # pragma: no cover"",
            ""group = True # pragma: no cover"",
            ""fn = lambda v: v.assign_add(1.0) # pragma: no cover""
        ]
    },
    {
        ""imports"": [
            """"
        ],
        ""initialization"": [
            ""kwargs = {} # pragma: no cover"",
            ""class MockDistributionStrategyContext(object): # pragma: no cover"",
            ""    @staticmethod # pragma: no cover"",
            ""    def get_replica_context(): # pragma: no cover"",
            ""        return None # pragma: no cover"",
            ""    @staticmethod # pragma: no cover"",
            ""    def _get_default_replica_context(): # pragma: no cover"",
            ""        return None # pragma: no cover"",
            ""distribution_strategy_context = MockDistributionStrategyContext() # pragma: no cover"",
            ""class MockAutograph(object): # pragma: no cover"",
            ""    @staticmethod # pragma: no cover"",
            ""    def tf_convert(fn, ctx, convert_by_default): # pragma: no cover"",
            ""        return fn # pragma: no cover"",
            ""autograph = MockAutograph() # pragma: no cover"",
            ""class MockAutographCtx(object): # pragma: no cover"",
            ""    @staticmethod # pragma: no cover"",
            ""    def control_status_ctx(): # pragma: no cover"",
            ""        return None # pragma: no cover"",
            ""autograph_ctx = MockAutographCtx() # pragma: no cover"",
            ""class MockSelf(object): # pragma: no cover"",
            ""    def _container_strategy(self): # pragma: no cover"",
            ""        return self # pragma: no cover"",
            ""    def scope(self): # pragma: no cover"",
            ""        pass # pragma: no cover"",
            ""    def _update(self, var, fn, args, kwargs, group): # pragma: no cover"",
            ""        return var # pragma: no cover"",
            ""    def _replica_ctx_update(self, var, fn, args, kwargs, group): # pragma: no cover"",
            ""        return var # pragma: no cover"",
            ""self = MockSelf() # pragma: no cover"",
            ""args = () # pragma: no cover"",
            ""group = True # pragma: no cover"",
            ""fn = lambda v: v.assign(1.0) # pragma: no cover""
        ]
    },
    {
        ""imports"": [
            """"
        ],
        ""initialization"": [
            ""kwargs = {} # pragma: no cover"",
            ""class MockDistributionStrategyContext(object): # pragma: no cover"",
            ""    @staticmethod # pragma: no cover"",
            ""    def get_replica_context(): # pragma: no cover"",
            ""        return None # pragma: no cover"",
            ""    @staticmethod # pragma: no cover"",
            ""    def _get_default_replica_context(): # pragma: no cover"",
            ""        return None # pragma: no cover"",
            ""distribution_strategy_context = MockDistributionStrategyContext() # pragma: no cover"",
            ""autograph_ctx = type('Mock', (object,), {'control_status_ctx': lambda: None})() # pragma: no cover"",
            ""def mock_tf_convert(fn, ctx, convert_by_default): # pragma: no cover"",
            ""    return fn # pragma: no cover"",
            ""fn = lambda v, *args, **kwargs: v.assign(v + 1.0) # pragma: no cover"",
            ""class MockSelf(object): # pragma: no cover"",
            ""    def _container_strategy(self): # pragma: no cover"",
            ""        return self # pragma: no cover"",
            ""    def scope(self): # pragma: no cover"",
            ""        pass # pragma: no cover"",
            ""    def _update(self, var, fn, args, kwargs, group): # pragma: no cover"",
            ""        return var # pragma: no cover"",
            ""    def _replica_ctx_update(self, var, fn, args, kwargs, group): # pragma: no cover"",
            ""        return var # pragma: no cover"",
            ""self = MockSelf() # pragma: no cover"",
            ""args = (1.0,) # pragma: no cover"",
            ""group = True # pragma: no cover""
        ]
    },
    {
        ""imports"": [
            """"
        ],
        ""initialization"": [
            ""kwargs = {} # pragma: no cover"",
            ""class MockDistributionStrategyContext(object): # pragma: no cover"",
            ""    @staticmethod # pragma: no cover"",
            ""    def get_replica_context(): # pragma: no cover"",
            ""        return None # pragma: no cover"",
            ""    @staticmethod # pragma: no cover"",
            ""    def _get_default_replica_context(): # pragma: no cover"",
            ""        return None # pragma: no cover"",
            ""distribution_strategy_context = MockDistributionStrategyContext() # pragma: no cover"",
            ""autograph_ctx = type('Mock', (object,), {'control_status_ctx': lambda: None})() # pragma: no cover"",
            ""fn = lambda v: v.assign(1.0) # pragma: no cover"",
            ""class MockSelf(object): # pragma: no cover"",
            ""    def _container_strategy(self): # pragma: no cover"",
            ""        return self # pragma: no cover"",
            ""    def scope(self): # pragma: no cover"",
            ""        pass # pragma: no cover"",
            ""    def _update(self, var, fn, args, kwargs, group): # pragma: no cover"",
            ""        return var # pragma: no cover"",
            ""    def _replica_ctx_update(self, var, fn, args, kwargs, group): # pragma: no cover"",
            ""        return var # pragma: no cover"",
            ""self = MockSelf() # pragma: no cover"",
            ""args = () # pragma: no cover"",
            ""group = True # pragma: no cover""
        ]
    },
    {
        ""imports"": [
            """"
        ],
        ""initialization"": [
            ""kwargs = {} # pragma: no cover"",
            ""class MockDistributionStrategyContext: # pragma: no cover"",
            ""    @staticmethod# pragma: no cover"",
            ""    def get_replica_context(): # pragma: no cover"",
            ""        return None# pragma: no cover"",
            ""# pragma: no cover"",
            ""    @staticmethod# pragma: no cover"",
            ""    def _get_default_replica_context(): # pragma: no cover"",
            ""        return None# pragma: no cover"",
            ""# pragma: no cover"",
            ""distribution_strategy_context = MockDistributionStrategyContext() # pragma: no cover"",
            ""class MockAutograph: # pragma: no cover"",
            ""    @staticmethod# pragma: no cover"",
            ""    def tf_convert(fn, ctx, convert_by_default): # pragma: no cover"",
            ""        return fn# pragma: no cover"",
            ""# pragma: no cover"",
            ""autograph = MockAutograph() # pragma: no cover"",
            ""class MockAutographContext: # pragma: no cover"",
            ""    @staticmethod# pragma: no cover"",
            ""    def control_status_ctx(): # pragma: no cover"",
            ""        return None# pragma: no cover"",
            ""# pragma: no cover"",
            ""autograph_ctx = MockAutographContext() # pragma: no cover"",
            ""args = (1.0,) # pragma: no cover"",
            ""group = True # pragma: no cover"",
            ""fn = lambda v: v.assign(1.0) # pragma: no cover"",
            ""self = type('Mock', (object,), { # pragma: no cover"",
            ""    '_container_strategy': lambda: self, # pragma: no cover"",
            ""    '_update': lambda var, fn, args, kwargs, group: var.assign(var.read_value() + args[0]), # pragma: no cover"",
            ""    '_replica_ctx_update': lambda var, fn, args, kwargs, group: var.assign(var.read_value() + args[0]) # pragma: no cover"",
            ""})() # pragma: no cover""
        ]
    },
    {
        ""imports"": [
            """"
        ],
        ""initialization"": [
            ""kwargs = {} # pragma: no cover"",
            ""class MockDistributionStrategyContext(object): # pragma: no cover"",
            ""    @staticmethod # pragma: no cover"",
            ""    def get_replica_context(): # pragma: no cover"",
            ""        return None # pragma: no cover"",
            ""    @staticmethod # pragma: no cover"",
            ""    def _get_default_replica_context(): # pragma: no cover"",
            ""        return None # pragma: no cover"",
            ""distribution_strategy_context = MockDistributionStrategyContext() # pragma: no cover"",
            ""class MockAutograph(object): # pragma: no cover"",
            ""    @staticmethod # pragma: no cover"",
            ""    def tf_convert(fn, ctx, convert_by_default): # pragma: no cover"",
            ""        return fn # pragma: no cover"",
            ""autograph = MockAutograph() # pragma: no cover"",
            ""class MockAutographCtx(object): # pragma: no cover"",
            ""    @staticmethod # pragma: no cover"",
            ""    def control_status_ctx(): # pragma: no cover"",
            ""        return None # pragma: no cover"",
            ""autograph_ctx = MockAutographCtx() # pragma: no cover"",
            ""class MockSelf(object): # pragma: no cover"",
            ""    def _container_strategy(self): # pragma: no cover"",
            ""        return self # pragma: no cover"",
            ""    def scope(self): # pragma: no cover"",
            ""        pass # pragma: no cover"",
            ""    def _update(self, var, fn, args, kwargs, group): # pragma: no cover"",
            ""        return var # pragma: no cover"",
            ""    def _replica_ctx_update(self, var, fn, args, kwargs, group): # pragma: no cover"",
            ""        return var # pragma: no cover"",
            ""self = MockSelf() # pragma: no cover"",
            ""args = () # pragma: no cover"",
            ""group = True # pragma: no cover"",
            ""fn = lambda v: v.assign(1.0) # pragma: no cover""
        ]
    },
    {
        ""imports"": [
            """"
        ],
        ""initialization"": [
            ""kwargs = {} # pragma: no cover"",
            ""class MockDistributionStrategyContext(object): # pragma: no cover"",
            ""    @staticmethod # pragma: no cover"",
            ""    def get_replica_context(): # pragma: no cover"",
            ""        return None # pragma: no cover"",
            ""    @staticmethod # pragma: no cover"",
            ""    def _get_default_replica_context(): # pragma: no cover"",
            ""        return None # pragma: no cover"",
            ""distribution_strategy_context = MockDistributionStrategyContext() # pragma: no cover"",
            ""class MockAutograph(object): # pragma: no cover"",
            ""    @staticmethod # pragma: no cover"",
            ""    def tf_convert(fn, ctx, convert_by_default): # pragma: no cover"",
            ""        return fn # pragma: no cover"",
            ""autograph = MockAutograph() # pragma: no cover"",
            ""class MockAutographContext(object): # pragma: no cover"",
            ""    @staticmethod # pragma: no cover"",
            ""    def control_status_ctx(): # pragma: no cover"",
            ""        return None # pragma: no cover"",
            ""autograph_ctx = MockAutographContext() # pragma: no cover"",
            ""class MockSelf(object): # pragma: no cover"",
            ""    def _container_strategy(self): # pragma: no cover"",
            ""        return self # pragma: no cover"",
            ""    def scope(self): # pragma: no cover"",
            ""        pass # pragma: no cover"",
            ""    def _update(self, var, fn, args, kwargs, group): # pragma: no cover"",
            ""        return var # pragma: no cover"",
            ""    def _replica_ctx_update(self, var, fn, args, kwargs, group): # pragma: no cover"",
            ""        return var # pragma: no cover"",
            ""self = MockSelf() # pragma: no cover"",
            ""args = (1.0,) # pragma: no cover"",
            ""group = True # pragma: no cover"",
            ""fn = lambda v: v.assign_add(1.0) # pragma: no cover""
        ]
    },
    {
        ""imports"": [
            """"
        ],
        ""initialization"": [
            ""kwargs = {} # pragma: no cover"",
            ""class MockDistributionStrategyContext:  # pragma: no cover"",
            ""    @staticmethod # pragma: no cover"",
            ""    def get_replica_context(): # pragma: no cover"",
            ""        return None # pragma: no cover"",
            ""    @staticmethod # pragma: no cover"",
            ""    def _get_default_replica_context(): # pragma: no cover"",
            ""        return None # pragma: no cover"",
            ""distribution_strategy_context = MockDistributionStrategyContext() # pragma: no cover"",
            ""autograph_ctx = type('Mock', (object,), {'control_status_ctx': lambda: None})() # pragma: no cover"",
            ""fn = lambda v, *args, **kwargs: v.assign(1.0) # pragma: no cover"",
            ""self = type('Mock', (object,), { # pragma: no cover"",
            ""    '_container_strategy': lambda: self, # pragma: no cover"",
            ""    '_update': lambda var, fn, args, kwargs, group: var, # pragma: no cover"",
            ""    '_replica_ctx_update': lambda var, fn, args, kwargs, group: var # pragma: no cover"",
            ""})() # pragma: no cover"",
            ""args = (1.0,) # pragma: no cover"",
            ""group = True # pragma: no cover""
        ]
    },
    {
        ""imports"": [
            """"
        ],
        ""initialization"": [
            ""kwargs = {} # pragma: no cover"",
            ""distribution_strategy_context = type('Mock', (object,), {'get_replica_context': lambda: None, '_get_default_replica_context': lambda: None})() # pragma: no cover"",
            ""autograph_ctx = type('Mock', (object,), {'control_status_ctx': lambda: None})() # pragma: no cover"",
            ""fn = lambda v: v.assign_add(1.0) # pragma: no cover"",
            ""class MockSelf: # pragma: no cover"",
            ""    def _container_strategy(self): # pragma: no cover"",
            ""        return self # pragma: no cover"",
            ""    def scope(self): # pragma: no cover"",
            ""        pass # pragma: no cover"",
            ""    def _update(self, var, fn, args, kwargs, group): # pragma: no cover"",
            ""        return var # pragma: no cover"",
            ""    def _replica_ctx_update(self, var, fn, args, kwargs, group): # pragma: no cover"",
            ""        return var # pragma: no cover"",
            ""self = MockSelf() # pragma: no cover"",
            ""args = (1.0,) # pragma: no cover"",
            ""group = True # pragma: no cover""
        ]
    },
    {
        ""imports"": [
            """"
        ],
        ""initialization"": [
            ""kwargs = {} # pragma: no cover"",
            ""distribution_strategy_context = type('Mock', (object,), {'get_replica_context': lambda: None, '_get_default_replica_context': lambda: None})() # pragma: no cover"",
            ""autograph_ctx = type('Mock', (object,), {'control_status_ctx': lambda: None})() # pragma: no cover"",
            ""def update_fn(v): return v.assign_add(1.0) # pragma: no cover"",
            ""self = type('Mock', (object,), { '_container_strategy': lambda: self, '_update': lambda var, fn, args, kwargs, group: var.assign(var + 1.0), '_replica_ctx_update': lambda var, fn, args, kwargs, group: var.assign(var + 1.0), 'scope': lambda: None })() # pragma: no cover"",
            ""args = (1.0,) # pragma: no cover"",
            ""group = True # pragma: no cover""
        ]
    }
]",2,6756,0.003378,3028,0.004542,0.00792
"When trying to execute the code snippet with the provided imports and initialization, the lines with # uncovered are not executed.

# begin code snippet
""""""Run `fn` to update `var` using inputs mirrored to the same devices.
    `tf.distribute.StrategyExtended.update` takes a distributed variable `var`
    to be updated, an update function `fn`, and `args` and `kwargs` for `fn`. It
    applies `fn` to each component variable of `var` and passes corresponding
    values from `args` and `kwargs`. Neither `args` nor `kwargs` may contain
    per-replica values. If they contain mirrored values, they will be unwrapped
    before calling `fn`. For example, `fn` can be `assign_add` and `args` can be
    a mirrored DistributedValues where each component contains the value to be
    added to this mirrored variable `var`. Calling `update` will call
    `assign_add` on each component variable of `var` with the corresponding
    tensor value on that device.
    Example usage:
    ```python
    strategy = tf.distribute.MirroredStrategy(['GPU:0', 'GPU:1']) # With 2
    devices
    with strategy.scope():
      v = tf.Variable(5.0, aggregation=tf.VariableAggregation.SUM)
    def update_fn(v):
      return v.assign(1.0)
    result = strategy.extended.update(v, update_fn)
    # result is
    # Mirrored:{
    #  0: tf.Tensor(1.0, shape=(), dtype=float32),
    #  1: tf.Tensor(1.0, shape=(), dtype=float32)
    # }
    ```
    If `var` is mirrored across multiple devices, then this method implements
    logic as following:
    ```python
    results = {}
    for device, v in var:
      with tf.device(device):
        # args and kwargs will be unwrapped if they are mirrored.
        results[device] = fn(v, *args, **kwargs)
    return merged(results)
    ```
    Otherwise, this method returns `fn(var, *args, **kwargs)` colocated with
    `var`.
    Args:
      var: Variable, possibly mirrored to multiple devices, to operate on.
      fn: Function to call. Should take the variable as the first argument.
      args: Tuple or list. Additional positional arguments to pass to `fn()`.
      kwargs: Dict with keyword arguments to pass to `fn()`.
      group: Boolean. Defaults to True. If False, the return value will be
        unwrapped.
    Returns:
      By default, the merged return value of `fn` across all replicas.  The
      merged result has dependencies to make sure that if it is evaluated at
      all, the side effects (updates) will happen on every replica. If instead
      ""group=False"" is specified, this function will return a nest of lists
      where each list has an element per replica, and the caller is responsible
      for ensuring all elements are executed.
    """"""
# TODO(b/178944108): Update the documentation to relfect the fact that
# `update` can be called in a replica context.
if kwargs is None: # uncovered
    kwargs = {} # uncovered
replica_context = distribution_strategy_context.get_replica_context()
# pylint: disable=protected-access
if (replica_context is None or replica_context is # uncovered
    distribution_strategy_context._get_default_replica_context()):
    fn = autograph.tf_convert( # uncovered
        fn, autograph_ctx.control_status_ctx(), convert_by_default=False)
    with self._container_strategy().scope():
        aux = self._update(var, fn, args, kwargs, group) # uncovered
        exit(aux) # uncovered
else: # uncovered
    aux = self._replica_ctx_update( # uncovered
        var, fn, args=args, kwargs=kwargs, group=group) # uncovered
    exit(aux) # uncovered

# end code snippet

Please, provide self-contained and concrete Python modified values of the imports and initialization to execute one of the uncovered paths in the code snippet.
Respond strictly with JSON. The JSON should be compatible with the TypeScript type `Response` from the following:

```ts
interface Response {
// Python import statements needed in the initialization code. One string per import.
imports: string[];
// Python code to initialize the undefined variables and make the code snippet executable. One string per undefined variable. The statements in the code snippet above are not part of the initialization of undefined variables. Therefore, their copy or modified versions should not be added here. The values should be self-contained and concrete, i.e. without assumptions or expected replacements of any code that is not present in the code snippet. In case there are undefined attributes or methods and the attribute or method base is not initialized, initialize the attribute or method base using type(""Mock"", bases, dict), where bases is a tuple containing the base classes that the Mock object inherits from, e.g. object, and dict is a dictionary containing the initialization of the undefined attributes and methods in the code snippet.
initialization: string[];
}
```","[
    {
        ""imports"": [
            ""import tensorflow as tf"",
            ""from tensorflow.python.eager import context"",
            ""from tensorflow.python.distribute import distribution_strategy_context"",
            ""from tensorflow.python.autograph import autograph""
        ],
        ""initialization"": [
            ""strategy = tf.distribute.MirroredStrategy(['GPU:0', 'GPU:1'])"",
            ""v = tf.Variable(5.0, aggregation=tf.VariableAggregation.SUM)"",
            ""fn = lambda x: x.assign(1.0)"",
            ""args = ()"",
            ""kwargs = None"",
            ""self = type('Mock', (object,), {'_container_strategy': lambda: strategy, 'scope': lambda: context.eager_mode(), '_update': lambda var, fn, *args, **kwargs: tf.Tensor(1.0), '_replica_ctx_update': lambda var, fn, *args, **kwargs: tf.Tensor(1.0)})()""
        ]
    },
    {
        ""imports"": [
            ""import tensorflow as tf"",
            ""from tensorflow.python.distribute import distribution_strategy_context"",
            ""from tensorflow.python.autograph import autograph""
        ],
        ""initialization"": [
            ""strategy = tf.distribute.MirroredStrategy(['GPU:0', 'GPU:1'])"",
            ""with strategy.scope():"",
            ""    var = tf.Variable(5.0, aggregation=tf.VariableAggregation.SUM)"",
            ""    fn = lambda v: v.assign(1.0)"",
            ""    args = ()"",
            ""    kwargs = None"",
            ""    group = True"",
            ""    self = type('Mock', (), {'_container_strategy': lambda self: strategy, '_update': lambda *args: 'updated', '_replica_ctx_update': lambda *args: 'replica_updated'})()"",
            ""    distribution_strategy_context._get_default_replica_context = lambda: None"",
            ""    distribution_strategy_context.get_replica_context = lambda: None""
        ]
    },
    {
        ""imports"": [
            ""import tensorflow as tf"",
            ""from tensorflow.python.distribute import distribution_strategy_context"",
            ""from tensorflow.python.autograph import autograph""
        ],
        ""initialization"": [
            ""var = tf.Variable(5.0, aggregation=tf.VariableAggregation.SUM)"",
            ""fn = lambda x: x.assign_add(1.0)"",
            ""args = ()"",
            ""kwargs = None"",
            ""group = True"",
            ""strategy = tf.distribute.MirroredStrategy(['GPU:0', 'GPU:1'])"",
            ""with strategy.scope():"",
            ""    v = tf.Variable(5.0, aggregation=tf.VariableAggregation.SUM)"",
            ""replica_context = distribution_strategy_context.get_replica_context()""
        ]
    },
    {
        ""imports"": [
            ""import tensorflow as tf"",
            ""from tensorflow.python.eager import context"",
            ""from tensorflow.python.distribute import distribution_strategy_context"",
            ""from tensorflow.python.autograph import autograph""
        ],
        ""initialization"": [
            ""strategy = tf.distribute.MirroredStrategy(['GPU:0', 'GPU:1'])"",
            ""with strategy.scope():"",
            ""    var = tf.Variable(5.0, aggregation=tf.VariableAggregation.SUM)"",
            ""def update_fn(v):"",
            ""    return v.assign(1.0)"",
            ""args = ()"",
            ""kwargs = None"",
            ""self = type('Mock', (object,), {'_container_strategy': lambda: strategy})()"",
            ""self._update = lambda var, fn, args, kwargs, group: {'result': 'updated'}"",
            ""self._replica_ctx_update = lambda var, fn, args, kwargs, group: {'result': 'replica updated'}""
        ]
    },
    {
        ""imports"": [
            ""import tensorflow as tf"",
            ""from tensorflow.python.distribute import distribution_strategy_context"",
            ""from tensorflow.python.autograph import autograph""
        ],
        ""initialization"": [
            ""strategy = tf.distribute.MirroredStrategy(['GPU:0', 'GPU:1'])"",
            ""with strategy.scope():"",
            ""    var = tf.Variable(5.0, aggregation=tf.VariableAggregation.SUM)"",
            ""    fn = lambda x: x.assign(1.0)"",
            ""    args = []"",
            ""    kwargs = None"",
            ""    group = True"",
            ""    self = type('Mock', (), {'_container_strategy': lambda: strategy, '_update': lambda v, f, a, k, g: v, 'scope': lambda: None})()""
        ]
    },
    {
        ""imports"": [
            ""import tensorflow as tf"",
            ""from tensorflow.python.distribute import distribution_strategy_context"",
            ""from tensorflow.python.autograph import autograph""
        ],
        ""initialization"": [
            ""strategy = tf.distribute.MirroredStrategy(['GPU:0', 'GPU:1'])"",
            ""with strategy.scope():"",
            ""    var = tf.Variable(5.0, aggregation=tf.VariableAggregation.SUM)"",
            ""    def fn(v):"",
            ""        return v.assign(1.0)"",
            ""    args = ()"",
            ""    kwargs = None"",
            ""    group = True"",
            ""    self = type('Mock', (object,), {'_container_strategy': lambda: strategy, '_update': lambda var, fn, args, kwargs, group: var})()"",
            ""    distribution_strategy_context.get_replica_context = lambda: None""
        ]
    },
    {
        ""imports"": [
            ""import tensorflow as tf"",
            ""from tensorflow.python.distribute import distribution_strategy_context"",
            ""from tensorflow.python.util import nest"",
            ""from tensorflow.python.autograph import autograph""
        ],
        ""initialization"": [
            ""strategy = tf.distribute.MirroredStrategy()"",
            ""var = tf.Variable(0.0)"",
            ""def fn(v): return v.assign_add(1.0)"",
            ""args = ()"",
            ""kwargs = None"",
            ""self = type('Mock', (object,), {'_container_strategy': lambda: strategy, '_update': lambda *args: {'result': 'mocked'}})()""
        ]
    },
    {
        ""imports"": [
            ""import tensorflow as tf"",
            ""from tensorflow.python.distribute import distribution_strategy_context"",
            ""from tensorflow.python.autograph import autograph""
        ],
        ""initialization"": [
            ""strategy = tf.distribute.MirroredStrategy(['GPU:0', 'GPU:1'])"",
            ""var = tf.Variable(5.0, aggregation=tf.VariableAggregation.SUM)"",
            ""def update_fn(v): return v.assign(1.0)"",
            ""args = ()"",
            ""kwargs = None"",
            ""self = type('Mock', (object,), {'_container_strategy': lambda: strategy, '_update': lambda var, fn, args, kwargs, group: var})()"",
            ""kwargs = {}""
        ]
    },
    {
        ""imports"": [
            ""import tensorflow as tf"",
            ""from tensorflow.python.distribute import distribution_strategy_context"",
            ""from tensorflow.python.util import nest""
        ],
        ""initialization"": [
            ""strategy = tf.distribute.MirroredStrategy(['GPU:0', 'GPU:1'])"",
            ""with strategy.scope():"",
            ""    var = tf.Variable(5.0, aggregation=tf.VariableAggregation.SUM)"",
            ""    fn = lambda v, x: v.assign(v + x)"",
            ""    args = (2.0,)"",
            ""    kwargs = None"",
            ""    self = type('Mock', (object,), {'_container_strategy': lambda: strategy, '_update': lambda var, fn, args, kwargs, group: tf.constant([fn(var, *args)]), '_replica_ctx_update': lambda var, fn, args, kwargs, group: tf.constant([fn(var, *args)]), 'scope': lambda: None})()""
        ]
    },
    {
        ""imports"": [
            ""import tensorflow as tf"",
            ""from tensorflow.python.distribute import distribution_strategy_context"",
            ""from tensorflow.python.autograph import autograph""
        ],
        ""initialization"": [
            ""strategy = tf.distribute.MirroredStrategy(['GPU:0', 'GPU:1'])"",
            ""with strategy.scope():"",
            ""    var = tf.Variable(5.0, aggregation=tf.VariableAggregation.SUM)"",
            ""    fn = lambda v: v.assign(1.0)"",
            ""    args = ()"",
            ""    kwargs = None"",
            ""    self = type('Mock', (object,), {'_container_strategy': lambda: strategy, '_update': lambda var, fn, args, kwargs, group: var, 'scope': lambda: None})()"",
            ""    distribution_strategy_context._get_default_replica_context = lambda: None"",
            ""    exit = lambda aux: aux"",
            ""    replica_context = None""
        ]
    }
]","[
    {
        ""imports"": [
            """"
        ],
        ""initialization"": [
            ""fn = lambda x: x.assign(1.0) # pragma: no cover"",
            ""args = () # pragma: no cover"",
            ""kwargs = None # pragma: no cover"",
            ""self = type('Mock', (object,), {'_container_strategy': lambda: strategy, 'scope': lambda: context.eager_mode(), '_update': lambda var, fn, *args, **kwargs: tf.Tensor(1.0), '_replica_ctx_update': lambda var, fn, *args, **kwargs: tf.Tensor(1.0)})() # pragma: no cover""
        ]
    },
    {
        ""imports"": [
            """"
        ],
        ""initialization"": [
            """"
        ]
    },
    {
        ""imports"": [
            """"
        ],
        ""initialization"": [
            ""fn = lambda x: x.assign_add(1.0) # pragma: no cover"",
            ""args = () # pragma: no cover"",
            ""kwargs = None # pragma: no cover"",
            ""group = True # pragma: no cover""
        ]
    },
    {
        ""imports"": [
            """"
        ],
        ""initialization"": [
            ""def update_fn(v): # pragma: no cover"",
            ""    return v.assign(1.0) # pragma: no cover"",
            ""args = () # pragma: no cover"",
            ""kwargs = None # pragma: no cover"",
            ""self = type('Mock', (object,), {'_container_strategy': lambda: strategy})() # pragma: no cover"",
            ""self._update = lambda var, fn, args, kwargs, group: {'result': 'updated'} # pragma: no cover"",
            ""self._replica_ctx_update = lambda var, fn, args, kwargs, group: {'result': 'replica updated'} # pragma: no cover""
        ]
    },
    {
        ""imports"": [
            """"
        ],
        ""initialization"": [
            """"
        ]
    },
    {
        ""imports"": [
            """"
        ],
        ""initialization"": [
            """"
        ]
    },
    {
        ""imports"": [
            """"
        ],
        ""initialization"": [
            ""def fn(v): return v.assign_add(1.0) # pragma: no cover"",
            ""args = () # pragma: no cover"",
            ""kwargs = None # pragma: no cover"",
            ""self = type('Mock', (object,), {'_container_strategy': lambda: strategy, '_update': lambda *args: {'result': 'mocked'}})() # pragma: no cover""
        ]
    },
    {
        ""imports"": [
            """"
        ],
        ""initialization"": [
            ""def update_fn(v): return v.assign(1.0) # pragma: no cover"",
            ""args = () # pragma: no cover"",
            ""kwargs = None # pragma: no cover"",
            ""self = type('Mock', (object,), {'_container_strategy': lambda: strategy, '_update': lambda var, fn, args, kwargs, group: var})() # pragma: no cover"",
            ""kwargs = {} # pragma: no cover""
        ]
    },
    {
        ""imports"": [
            """"
        ],
        ""initialization"": [
            """"
        ]
    },
    {
        ""imports"": [
            """"
        ],
        ""initialization"": [
            """"
        ]
    }
]",3,1111,0.0005555,1905,0.0028575,0.003413
"When trying to execute the code snippet with the provided imports and initialization, the lines with # uncovered are not executed.

# begin code snippet
""""""Run `fn` to update `var` using inputs mirrored to the same devices.
    `tf.distribute.StrategyExtended.update` takes a distributed variable `var`
    to be updated, an update function `fn`, and `args` and `kwargs` for `fn`. It
    applies `fn` to each component variable of `var` and passes corresponding
    values from `args` and `kwargs`. Neither `args` nor `kwargs` may contain
    per-replica values. If they contain mirrored values, they will be unwrapped
    before calling `fn`. For example, `fn` can be `assign_add` and `args` can be
    a mirrored DistributedValues where each component contains the value to be
    added to this mirrored variable `var`. Calling `update` will call
    `assign_add` on each component variable of `var` with the corresponding
    tensor value on that device.
    Example usage:
    ```python
    strategy = tf.distribute.MirroredStrategy(['GPU:0', 'GPU:1']) # With 2
    devices
    with strategy.scope():
      v = tf.Variable(5.0, aggregation=tf.VariableAggregation.SUM)
    def update_fn(v):
      return v.assign(1.0)
    result = strategy.extended.update(v, update_fn)
    # result is
    # Mirrored:{
    #  0: tf.Tensor(1.0, shape=(), dtype=float32),
    #  1: tf.Tensor(1.0, shape=(), dtype=float32)
    # }
    ```
    If `var` is mirrored across multiple devices, then this method implements
    logic as following:
    ```python
    results = {}
    for device, v in var:
      with tf.device(device):
        # args and kwargs will be unwrapped if they are mirrored.
        results[device] = fn(v, *args, **kwargs)
    return merged(results)
    ```
    Otherwise, this method returns `fn(var, *args, **kwargs)` colocated with
    `var`.
    Args:
      var: Variable, possibly mirrored to multiple devices, to operate on.
      fn: Function to call. Should take the variable as the first argument.
      args: Tuple or list. Additional positional arguments to pass to `fn()`.
      kwargs: Dict with keyword arguments to pass to `fn()`.
      group: Boolean. Defaults to True. If False, the return value will be
        unwrapped.
    Returns:
      By default, the merged return value of `fn` across all replicas.  The
      merged result has dependencies to make sure that if it is evaluated at
      all, the side effects (updates) will happen on every replica. If instead
      ""group=False"" is specified, this function will return a nest of lists
      where each list has an element per replica, and the caller is responsible
      for ensuring all elements are executed.
    """"""
# TODO(b/178944108): Update the documentation to relfect the fact that
# `update` can be called in a replica context.
if kwargs is None:
    kwargs = {}
replica_context = distribution_strategy_context.get_replica_context()
# pylint: disable=protected-access
if (replica_context is None or replica_context is # uncovered
    distribution_strategy_context._get_default_replica_context()):
    fn = autograph.tf_convert( # uncovered
        fn, autograph_ctx.control_status_ctx(), convert_by_default=False)
    with self._container_strategy().scope():
        aux = self._update(var, fn, args, kwargs, group) # uncovered
        exit(aux) # uncovered
else: # uncovered
    aux = self._replica_ctx_update( # uncovered
        var, fn, args=args, kwargs=kwargs, group=group) # uncovered
    exit(aux) # uncovered

# end code snippet

Please, provide self-contained and concrete Python modified values of the imports and initialization to execute one of the uncovered paths in the code snippet.
Respond strictly with JSON. The JSON should be compatible with the TypeScript type `Response` from the following:

```ts
interface Response {
// Python import statements needed in the initialization code. One string per import.
imports: string[];
// Python code to initialize the undefined variables and make the code snippet executable. One string per undefined variable. The statements in the code snippet above are not part of the initialization of undefined variables. Therefore, their copy or modified versions should not be added here. The values should be self-contained and concrete, i.e. without assumptions or expected replacements of any code that is not present in the code snippet. In case there are undefined attributes or methods and the attribute or method base is not initialized, initialize the attribute or method base using type(""Mock"", bases, dict), where bases is a tuple containing the base classes that the Mock object inherits from, e.g. object, and dict is a dictionary containing the initialization of the undefined attributes and methods in the code snippet.
initialization: string[];
}
```","[
    {
        ""imports"": [
            ""import tensorflow as tf"",
            ""from tensorflow.python.distribute import distribution_strategy_context"",
            ""from tensorflow.python.autograph import autograph""
        ],
        ""initialization"": [
            ""strategy = tf.distribute.MirroredStrategy(['GPU:0', 'GPU:1'])"",
            ""with strategy.scope():"",
            ""    var = tf.Variable(5.0, aggregation=tf.VariableAggregation.SUM)"",
            ""    fn = lambda x: x.assign(1.0)"",
            ""    args = ()"",
            ""    kwargs = None"",
            ""    group = True"",
            ""    self = type('Mock', (object,), {'_container_strategy': lambda: strategy, '_update': lambda var, fn, args, kwargs, group: {'result': 'updated'}, '_replica_ctx_update': lambda var, fn, args, kwargs, group: {'result': 'replica updated'}})()"",
            ""    distribution_strategy_context.get_replica_context = lambda: None"",
            ""    distribution_strategy_context._get_default_replica_context = lambda: None""
        ]
    },
    {
        ""imports"": [
            ""import tensorflow as tf"",
            ""from tensorflow.python.distribute import distribution_strategy_context"",
            ""from tensorflow.python.autograph import autograph""
        ],
        ""initialization"": [
            ""strategy = tf.distribute.MirroredStrategy(['GPU:0', 'GPU:1'])"",
            ""with strategy.scope():"",
            ""    var = tf.Variable(5.0, aggregation=tf.VariableAggregation.SUM)"",
            ""    def fn(v): return v.assign(1.0)"",
            ""    args = ()"",
            ""    kwargs = None"",
            ""    group = True"",
            ""    self = type('Mock', (object,), {'_container_strategy': lambda: strategy, '_update': lambda var, fn, args, kwargs, group: var})()"",
            ""    exit = lambda aux: aux"",
            ""    distribution_strategy_context.get_replica_context = lambda: None"",
            ""    distribution_strategy_context._get_default_replica_context = lambda: None""
        ]
    },
    {
        ""imports"": [
            ""import tensorflow as tf"",
            ""from tensorflow.python.distribute import distribution_strategy_context"",
            ""from tensorflow.python.autograph import autograph""
        ],
        ""initialization"": [
            ""strategy = tf.distribute.MirroredStrategy(['GPU:0', 'GPU:1'])"",
            ""with strategy.scope():"",
            ""    var = tf.Variable(5.0, aggregation=tf.VariableAggregation.SUM)"",
            ""    def fn(v): return v.assign(1.0)"",
            ""    args = ()"",
            ""    kwargs = None"",
            ""    group = True"",
            ""    self = type('Mock', (object,), {'_container_strategy': lambda: strategy, '_update': lambda var, fn, args, kwargs, group: var, 'scope': lambda: None})()"",
            ""    distribution_strategy_context.get_replica_context = lambda: None"",
            ""    distribution_strategy_context._get_default_replica_context = lambda: None""
        ]
    },
    {
        ""imports"": [
            ""import tensorflow as tf"",
            ""from tensorflow.python.distribute import distribution_strategy_context"",
            ""from tensorflow.python.autograph import autograph""
        ],
        ""initialization"": [
            ""strategy = tf.distribute.MirroredStrategy(['GPU:0', 'GPU:1'])"",
            ""with strategy.scope():"",
            ""    var = tf.Variable(5.0, aggregation=tf.VariableAggregation.SUM)"",
            ""def fn(v): return v.assign_add(1.0)"",
            ""args = ()"",
            ""kwargs = None"",
            ""group = True"",
            ""self = type('Mock', (object,), {'_container_strategy': lambda: strategy, '_update': lambda var, fn, args, kwargs, group: var + 1, '_replica_ctx_update': lambda var, fn, args, kwargs, group: var + 1})()"",
            ""distribution_strategy_context.get_replica_context = lambda: None"",
            ""distribution_strategy_context._get_default_replica_context = lambda: None"",
            ""autograph_ctx = type('MockAuto', (object,), {'control_status_ctx': lambda: None})()""
        ]
    },
    {
        ""imports"": [
            ""import tensorflow as tf"",
            ""from tensorflow.python.distribute import distribution_strategy_context"",
            ""from tensorflow.python.autograph import autograph""
        ],
        ""initialization"": [
            ""strategy = tf.distribute.MirroredStrategy(['GPU:0', 'GPU:1'])"",
            ""with strategy.scope():"",
            ""    var = tf.Variable(5.0, aggregation=tf.VariableAggregation.SUM)"",
            ""    fn = lambda v: v.assign(1.0)"",
            ""    args = ()"",
            ""    kwargs = None"",
            ""    group = True"",
            ""    self = type('Mock', (object,), {})()"",
            ""    self._container_strategy = lambda: strategy"",
            ""    self._update = lambda var, fn, args, kwargs, group: 'updated'"",
            ""    self._replica_ctx_update = lambda var, fn, args, kwargs, group: 'replica updated'"",
            ""    exit = lambda x: x"",
            ""    distribution_strategy_context.get_replica_context = lambda: None"",
            ""    distribution_strategy_context._get_default_replica_context = lambda: None""
        ]
    },
    {
        ""imports"": [
            ""import tensorflow as tf"",
            ""from tensorflow.python.distribute import distribution_strategy_context"",
            ""from tensorflow.python.autograph import autograph""
        ],
        ""initialization"": [
            ""strategy = tf.distribute.MirroredStrategy(['GPU:0', 'GPU:1'])"",
            ""with strategy.scope():"",
            ""    var = tf.Variable(5.0, aggregation=tf.VariableAggregation.SUM)"",
            ""def fn(v): return v.assign(1.0)"",
            ""args = ()"",
            ""kwargs = None"",
            ""self = type('Mock', (object,), {'_container_strategy': lambda: strategy, '_update': lambda var, fn, args, kwargs, group: var, 'scope': lambda: None})()"",
            ""autograph_ctx = type('Mock', (object,), {'control_status_ctx': lambda: None})()""
        ]
    },
    {
        ""imports"": [
            ""import tensorflow as tf"",
            ""from tensorflow.python.distribute import distribution_strategy_context"",
            ""from tensorflow.python.autograph import autograph""
        ],
        ""initialization"": [
            ""strategy = tf.distribute.MirroredStrategy(['GPU:0', 'GPU:1'])"",
            ""with strategy.scope():"",
            ""    var = tf.Variable(5.0, aggregation=tf.VariableAggregation.SUM)"",
            ""    fn = lambda v: v.assign(1.0)"",
            ""    args = ()"",
            ""    kwargs = None"",
            ""    group = True"",
            ""    self = type('Mock', (object,), {'_container_strategy': lambda: strategy, '_update': lambda v, f, a, k, g: {'result': 'updated'}, '_replica_ctx_update': lambda v, f, a, k, g: {'result': 'replica_updated'}, 'scope': lambda: None})()"",
            ""    distribution_strategy_context.get_replica_context = lambda: None"",
            ""    distribution_strategy_context._get_default_replica_context = lambda: None"",
            ""    exit = lambda x: x""
        ]
    },
    {
        ""imports"": [
            ""import tensorflow as tf"",
            ""from tensorflow.python.distribute import distribution_strategy_context"",
            ""from tensorflow.python.autograph import autograph""
        ],
        ""initialization"": [
            ""strategy = tf.distribute.MirroredStrategy(['GPU:0', 'GPU:1'])"",
            ""with strategy.scope():"",
            ""    var = tf.Variable(5.0, aggregation=tf.VariableAggregation.SUM)"",
            ""    def update_fn(v): return v.assign(1.0)"",
            ""    args = ()"",
            ""    kwargs = None"",
            ""    group = True"",
            ""    self = type('Mock', (object,), {'_container_strategy': lambda: strategy, '_update': lambda var, fn, args, kwargs, group: 'updated', '_replica_ctx_update': lambda var, fn, args, kwargs, group: 'replica_update'})()"",
            ""    distribution_strategy_context.get_replica_context = lambda: None"",
            ""    exit = lambda x: x""
        ]
    },
    {
        ""imports"": [
            ""import tensorflow as tf"",
            ""from tensorflow.python.distribute import distribution_strategy_context"",
            ""from tensorflow.python.autograph import autograph""
        ],
        ""initialization"": [
            ""strategy = tf.distribute.MirroredStrategy(['GPU:0', 'GPU:1'])"",
            ""with strategy.scope():"",
            ""    var = tf.Variable(5.0, aggregation=tf.VariableAggregation.SUM)"",
            ""    def fn(v): return v.assign(1.0)"",
            ""    args = ()"",
            ""    kwargs = None"",
            ""    group = True"",
            ""    self = type('Mock', (object,), {'_container_strategy': lambda: strategy, '_update': lambda v, fn, args, kwargs, group: tf.constant(1.0), '_replica_ctx_update': lambda v, fn, args, kwargs, group: tf.constant(1.0), 'scope': lambda: None})()"",
            ""    distribution_strategy_context.get_replica_context = lambda: None"",
            ""    exit = lambda x: x""
        ]
    },
    {
        ""imports"": [
            ""import tensorflow as tf"",
            ""from tensorflow.python.distribute import distribution_strategy_context"",
            ""from tensorflow.python.autograph import autograph""
        ],
        ""initialization"": [
            ""strategy = tf.distribute.MirroredStrategy(['GPU:0', 'GPU:1'])"",
            ""with strategy.scope():"",
            ""    var = tf.Variable(5.0, aggregation=tf.VariableAggregation.SUM)"",
            ""    def fn(v): return v.assign(1.0)"",
            ""    args = ()"",
            ""    kwargs = None"",
            ""    group = True"",
            ""    self = type('Mock', (object,), {})()"",
            ""    self._container_strategy = lambda: strategy"",
            ""    self._update = lambda var, fn, args, kwargs, group: tf.constant(1.0)"",
            ""    self._replica_ctx_update = lambda var, fn, args, kwargs, group: tf.constant(1.0)"",
            ""    exit = lambda aux: aux"",
            ""    replica_context = None"",
            ""    distribution_strategy_context.get_replica_context = lambda: replica_context"",
            ""    distribution_strategy_context._get_default_replica_context = lambda: None""
        ]
    }
]","[
    {
        ""imports"": [
            """"
        ],
        ""initialization"": [
            """"
        ]
    },
    {
        ""imports"": [
            """"
        ],
        ""initialization"": [
            """"
        ]
    },
    {
        ""imports"": [
            """"
        ],
        ""initialization"": [
            """"
        ]
    },
    {
        ""imports"": [
            """"
        ],
        ""initialization"": [
            ""def fn(v): return v.assign_add(1.0) # pragma: no cover"",
            ""args = () # pragma: no cover"",
            ""kwargs = None # pragma: no cover"",
            ""group = True # pragma: no cover"",
            ""self = type('Mock', (object,), {'_container_strategy': lambda: strategy, '_update': lambda var, fn, args, kwargs, group: var + 1, '_replica_ctx_update': lambda var, fn, args, kwargs, group: var + 1})() # pragma: no cover"",
            ""autograph_ctx = type('MockAuto', (object,), {'control_status_ctx': lambda: None})() # pragma: no cover""
        ]
    },
    {
        ""imports"": [
            """"
        ],
        ""initialization"": [
            """"
        ]
    },
    {
        ""imports"": [
            """"
        ],
        ""initialization"": [
            ""def fn(v): return v.assign(1.0) # pragma: no cover"",
            ""args = () # pragma: no cover"",
            ""kwargs = None # pragma: no cover"",
            ""self = type('Mock', (object,), {'_container_strategy': lambda: strategy, '_update': lambda var, fn, args, kwargs, group: var, 'scope': lambda: None})() # pragma: no cover"",
            ""autograph_ctx = type('Mock', (object,), {'control_status_ctx': lambda: None})() # pragma: no cover""
        ]
    },
    {
        ""imports"": [
            """"
        ],
        ""initialization"": [
            """"
        ]
    },
    {
        ""imports"": [
            """"
        ],
        ""initialization"": [
            """"
        ]
    },
    {
        ""imports"": [
            """"
        ],
        ""initialization"": [
            """"
        ]
    },
    {
        ""imports"": [
            """"
        ],
        ""initialization"": [
            """"
        ]
    }
]",3,4098,0.002049,2336,0.003504,0.005553
"When trying to execute the code snippet with the provided imports and initialization, the lines with # uncovered are not executed.

# begin code snippet
""""""Run `fn` to update `var` using inputs mirrored to the same devices.
    `tf.distribute.StrategyExtended.update` takes a distributed variable `var`
    to be updated, an update function `fn`, and `args` and `kwargs` for `fn`. It
    applies `fn` to each component variable of `var` and passes corresponding
    values from `args` and `kwargs`. Neither `args` nor `kwargs` may contain
    per-replica values. If they contain mirrored values, they will be unwrapped
    before calling `fn`. For example, `fn` can be `assign_add` and `args` can be
    a mirrored DistributedValues where each component contains the value to be
    added to this mirrored variable `var`. Calling `update` will call
    `assign_add` on each component variable of `var` with the corresponding
    tensor value on that device.
    Example usage:
    ```python
    strategy = tf.distribute.MirroredStrategy(['GPU:0', 'GPU:1']) # With 2
    devices
    with strategy.scope():
      v = tf.Variable(5.0, aggregation=tf.VariableAggregation.SUM)
    def update_fn(v):
      return v.assign(1.0)
    result = strategy.extended.update(v, update_fn)
    # result is
    # Mirrored:{
    #  0: tf.Tensor(1.0, shape=(), dtype=float32),
    #  1: tf.Tensor(1.0, shape=(), dtype=float32)
    # }
    ```
    If `var` is mirrored across multiple devices, then this method implements
    logic as following:
    ```python
    results = {}
    for device, v in var:
      with tf.device(device):
        # args and kwargs will be unwrapped if they are mirrored.
        results[device] = fn(v, *args, **kwargs)
    return merged(results)
    ```
    Otherwise, this method returns `fn(var, *args, **kwargs)` colocated with
    `var`.
    Args:
      var: Variable, possibly mirrored to multiple devices, to operate on.
      fn: Function to call. Should take the variable as the first argument.
      args: Tuple or list. Additional positional arguments to pass to `fn()`.
      kwargs: Dict with keyword arguments to pass to `fn()`.
      group: Boolean. Defaults to True. If False, the return value will be
        unwrapped.
    Returns:
      By default, the merged return value of `fn` across all replicas.  The
      merged result has dependencies to make sure that if it is evaluated at
      all, the side effects (updates) will happen on every replica. If instead
      ""group=False"" is specified, this function will return a nest of lists
      where each list has an element per replica, and the caller is responsible
      for ensuring all elements are executed.
    """"""
# TODO(b/178944108): Update the documentation to relfect the fact that
# `update` can be called in a replica context.
if kwargs is None:
    kwargs = {}
replica_context = distribution_strategy_context.get_replica_context()
# pylint: disable=protected-access
if (replica_context is None or replica_context is # uncovered
    distribution_strategy_context._get_default_replica_context()):
    fn = autograph.tf_convert( # uncovered
        fn, autograph_ctx.control_status_ctx(), convert_by_default=False)
    with self._container_strategy().scope():
        aux = self._update(var, fn, args, kwargs, group) # uncovered
        exit(aux) # uncovered
else: # uncovered
    aux = self._replica_ctx_update( # uncovered
        var, fn, args=args, kwargs=kwargs, group=group) # uncovered
    exit(aux) # uncovered

# end code snippet

Please, provide self-contained and concrete Python modified values of the imports and initialization to execute one of the uncovered paths in the code snippet.
Respond strictly with JSON. The JSON should be compatible with the TypeScript type `Response` from the following:

```ts
interface Response {
// Python import statements needed in the initialization code. One string per import.
imports: string[];
// Python code to initialize the undefined variables and make the code snippet executable. One string per undefined variable. The statements in the code snippet above are not part of the initialization of undefined variables. Therefore, their copy or modified versions should not be added here. The values should be self-contained and concrete, i.e. without assumptions or expected replacements of any code that is not present in the code snippet. In case there are undefined attributes or methods and the attribute or method base is not initialized, initialize the attribute or method base using type(""Mock"", bases, dict), where bases is a tuple containing the base classes that the Mock object inherits from, e.g. object, and dict is a dictionary containing the initialization of the undefined attributes and methods in the code snippet.
initialization: string[];
}
```","[
    {
        ""imports"": [
            ""import tensorflow as tf"",
            ""from tensorflow.python.distribute import distribution_strategy_context"",
            ""from tensorflow.python.autograph import autograph""
        ],
        ""initialization"": [
            ""strategy = tf.distribute.MirroredStrategy(['GPU:0', 'GPU:1'])"",
            ""with strategy.scope():"",
            ""    var = tf.Variable(5.0, aggregation=tf.VariableAggregation.SUM)"",
            ""    def update_fn(v): return v.assign(1.0)"",
            ""    args = ()"",
            ""    kwargs = None"",
            ""    group = True"",
            ""    self = type('Mock', (object,), {'_container_strategy': lambda: strategy, '_update': lambda var, fn, args, kwargs, group: 'updated', '_replica_ctx_update': lambda var, fn, args, kwargs, group: 'replica updated'})()"",
            ""    distribution_strategy_context.get_replica_context = lambda: None"",
            ""    distribution_strategy_context._get_default_replica_context = lambda: None"",
            ""    autograph_ctx = type('Mock', (object,), {'control_status_ctx': lambda: None})()"",
            ""    exit = lambda x: x""
        ]
    },
    {
        ""imports"": [
            ""import tensorflow as tf"",
            ""from tensorflow.python.distribute import distribution_strategy_context"",
            ""from tensorflow.python.autograph import autograph""
        ],
        ""initialization"": [
            ""strategy = tf.distribute.MirroredStrategy(['GPU:0', 'GPU:1'])"",
            ""with strategy.scope():"",
            ""    var = tf.Variable(5.0, aggregation=tf.VariableAggregation.SUM)"",
            ""    def fn(v): return v.assign(1.0)"",
            ""    args = ()"",
            ""    kwargs = None"",
            ""    group = True"",
            ""    self = type('Mock', (object,), {})()"",
            ""    self._container_strategy = lambda: strategy"",
            ""    self._update = lambda var, fn, args, kwargs, group: var"",
            ""    self._replica_ctx_update = lambda var, fn, args, kwargs, group: var"",
            ""    exit = lambda x: x"",
            ""    distribution_strategy_context.get_replica_context = lambda: None"",
            ""    distribution_strategy_context._get_default_replica_context = lambda: None"",
            ""    autograph_ctx = type('Mock', (object,), {'control_status_ctx': lambda: None})()""
        ]
    },
    {
        ""imports"": [
            ""import tensorflow as tf"",
            ""from tensorflow.python.distribute import distribution_strategy_context"",
            ""from tensorflow.python.autograph import autograph""
        ],
        ""initialization"": [
            ""strategy = tf.distribute.MirroredStrategy(['GPU:0', 'GPU:1'])"",
            ""with strategy.scope():"",
            ""    var = tf.Variable(5.0, aggregation=tf.VariableAggregation.SUM)"",
            ""    def fn(v): return v.assign(1.0)"",
            ""    args = ()"",
            ""    kwargs = None"",
            ""    group = True"",
            ""    self = type('Mock', (object,), {'_container_strategy': lambda: strategy, '_update': lambda var, fn, args, kwargs, group: 'updated', '_replica_ctx_update': lambda var, fn, args, kwargs, group: 'replica updated'})()"",
            ""    exit = lambda x: x"",
            ""    distribution_strategy_context.get_replica_context = lambda: None"",
            ""    distribution_strategy_context._get_default_replica_context = lambda: None"",
            ""    autograph_ctx = type('MockAuto', (object,), {'control_status_ctx': lambda: None})()""
        ]
    },
    {
        ""imports"": [
            ""import tensorflow as tf"",
            ""from tensorflow.python.distribute import distribution_strategy_context"",
            ""from tensorflow.python.autograph import autograph""
        ],
        ""initialization"": [
            ""strategy = tf.distribute.MirroredStrategy(['GPU:0', 'GPU:1'])"",
            ""with strategy.scope():"",
            ""    var = tf.Variable(5.0, aggregation=tf.VariableAggregation.SUM)"",
            ""    def fn(v): return v.assign(1.0)"",
            ""    args = ()"",
            ""    kwargs = None"",
            ""    group = True"",
            ""    self = type('Mock', (object,), {})()"",
            ""    self._container_strategy = lambda: strategy"",
            ""    self._update = lambda var, fn, args, kwargs, group: var + 1"",
            ""    self._replica_ctx_update = lambda var, fn, args, kwargs, group: var + 2"",
            ""    exit = lambda x: x"",
            ""    distribution_strategy_context.get_replica_context = lambda: None"",
            ""    distribution_strategy_context._get_default_replica_context = lambda: None"",
            ""    autograph_ctx = type('Mock', (object,), {'control_status_ctx': lambda: None})()""
        ]
    },
    {
        ""imports"": [
            ""import tensorflow as tf"",
            ""from tensorflow.python.distribute import distribution_strategy_context"",
            ""from tensorflow.python.autograph import autograph""
        ],
        ""initialization"": [
            ""strategy = tf.distribute.MirroredStrategy(['GPU:0', 'GPU:1'])"",
            ""with strategy.scope():"",
            ""    var = tf.Variable(5.0, aggregation=tf.VariableAggregation.SUM)"",
            ""    def fn(v): return v.assign(1.0)"",
            ""    args = ()"",
            ""    kwargs = None"",
            ""    group = True"",
            ""    self = type('Mock', (object,), {})()"",
            ""    self._container_strategy = lambda: strategy"",
            ""    self._update = lambda var, fn, args, kwargs, group: 'updated'"",
            ""    self._replica_ctx_update = lambda var, fn, args, kwargs, group: 'replica updated'"",
            ""    exit = lambda x: x"",
            ""    distribution_strategy_context.get_replica_context = lambda: None"",
            ""    distribution_strategy_context._get_default_replica_context = lambda: None"",
            ""    autograph_ctx = type('Mock', (object,), {'control_status_ctx': lambda: None})()""
        ]
    },
    {
        ""imports"": [
            ""import tensorflow as tf"",
            ""from tensorflow.python.distribute import distribution_strategy_context"",
            ""from tensorflow.python.autograph import autograph""
        ],
        ""initialization"": [
            ""strategy = tf.distribute.MirroredStrategy(['GPU:0', 'GPU:1'])"",
            ""with strategy.scope():"",
            ""    var = tf.Variable(5.0, aggregation=tf.VariableAggregation.SUM)"",
            ""    fn = lambda v: v.assign(1.0)"",
            ""    args = ()"",
            ""    kwargs = None"",
            ""    group = True"",
            ""    self = type('Mock', (object,), {'_container_strategy': lambda: strategy, '_update': lambda v, f, a, k, g: {'result': 'updated'}, '_replica_ctx_update': lambda v, f, a, k, g: {'result': 'replica_updated'}, 'scope': lambda: None})()"",
            ""    exit = lambda x: x"",
            ""    distribution_strategy_context.get_replica_context = lambda: None"",
            ""    distribution_strategy_context._get_default_replica_context = lambda: None"",
            ""    autograph_ctx = type('Mock', (object,), {'control_status_ctx': lambda: None})()""
        ]
    },
    {
        ""imports"": [
            ""import tensorflow as tf"",
            ""from tensorflow.python.distribute import distribution_strategy_context"",
            ""from tensorflow.python.autograph import autograph""
        ],
        ""initialization"": [
            ""strategy = tf.distribute.MirroredStrategy(['GPU:0', 'GPU:1'])"",
            ""with strategy.scope():"",
            ""    var = tf.Variable(5.0, aggregation=tf.VariableAggregation.SUM)"",
            ""    args = ()"",
            ""    kwargs = None"",
            ""    group = True"",
            ""    def fn(v): return v.assign(1.0)"",
            ""    self = type('Mock', (object,), {})()"",
            ""    self._container_strategy = lambda: strategy"",
            ""    self._update = lambda var, fn, args, kwargs, group: tf.constant((1.0, 1.0))"",
            ""    self._replica_ctx_update = lambda var, fn, args, kwargs, group: tf.constant((2.0, 2.0))"",
            ""    exit = lambda x: x"",
            ""    distribution_strategy_context.get_replica_context = lambda: None"",
            ""    distribution_strategy_context._get_default_replica_context = lambda: None"",
            ""    autograph_ctx = type('Mock', (object,), {'control_status_ctx': lambda: None})()""
        ]
    },
    {
        ""imports"": [
            ""import tensorflow as tf"",
            ""from tensorflow.python.distribute import distribution_strategy_context"",
            ""from tensorflow.python.autograph import autograph""
        ],
        ""initialization"": [
            ""strategy = tf.distribute.MirroredStrategy(['GPU:0', 'GPU:1'])"",
            ""with strategy.scope():"",
            ""    var = tf.Variable(5.0, aggregation=tf.VariableAggregation.SUM)"",
            ""    def update_fn(v): return v.assign(1.0)"",
            ""    args = ()"",
            ""    kwargs = None"",
            ""    group = True"",
            ""    self = type('Mock', (object,), {'_container_strategy': lambda: strategy, '_update': lambda var, fn, args, kwargs, group: 'updated'})()"",
            ""    exit = lambda x: x"",
            ""    distribution_strategy_context.get_replica_context = lambda: None"",
            ""    distribution_strategy_context._get_default_replica_context = lambda: None"",
            ""    autograph_ctx = type('Mock', (), {'control_status_ctx': lambda: None})()""
        ]
    },
    {
        ""imports"": [
            ""import tensorflow as tf"",
            ""from tensorflow.python.distribute import distribution_strategy_context"",
            ""from tensorflow.python.autograph import autograph""
        ],
        ""initialization"": [
            ""strategy = tf.distribute.MirroredStrategy(['GPU:0', 'GPU:1'])"",
            ""with strategy.scope():"",
            ""    var = tf.Variable(5.0, aggregation=tf.VariableAggregation.SUM)"",
            ""    def fn(v): return v.assign(1.0)"",
            ""    args = ()"",
            ""    kwargs = None"",
            ""    group = True"",
            ""    self = type('Mock', (object,), {})()"",
            ""    self._container_strategy = lambda: strategy"",
            ""    self._update = lambda var, fn, args, kwargs, group: {'result': 'updated'}"",
            ""    self._replica_ctx_update = lambda var, fn, args, kwargs, group: {'result': 'replica updated'}"",
            ""    exit = lambda x: x"",
            ""    distribution_strategy_context.get_replica_context = lambda: None"",
            ""    distribution_strategy_context._get_default_replica_context = lambda: None"",
            ""    autograph_ctx = type('MockAuto', (object,), {'control_status_ctx': lambda: None})()""
        ]
    },
    {
        ""imports"": [
            ""import tensorflow as tf"",
            ""from tensorflow.python.distribute import distribution_strategy_context"",
            ""from tensorflow.python.autograph import autograph""
        ],
        ""initialization"": [
            ""strategy = tf.distribute.MirroredStrategy(['GPU:0', 'GPU:1'])"",
            ""with strategy.scope():"",
            ""    var = tf.Variable(5.0, aggregation=tf.VariableAggregation.SUM)"",
            ""    def fn(v): return v.assign(1.0)"",
            ""    args = ()"",
            ""    kwargs = None"",
            ""    group = True"",
            ""    self = type('Mock', (object,), {'_container_strategy': lambda: strategy, '_update': lambda var, fn, args, kwargs, group: 'updated'})()"",
            ""    distribution_strategy_context.get_replica_context = lambda: None"",
            ""    distribution_strategy_context._get_default_replica_context = lambda: None"",
            ""    autograph_ctx = type('Mock', (object,), {'control_status_ctx': lambda: None})()"",
            ""    exit = lambda x: x""
        ]
    }
]","[
    {
        ""imports"": [
            """"
        ],
        ""initialization"": [
            """"
        ]
    },
    {
        ""imports"": [
            """"
        ],
        ""initialization"": [
            """"
        ]
    },
    {
        ""imports"": [
            """"
        ],
        ""initialization"": [
            """"
        ]
    },
    {
        ""imports"": [
            """"
        ],
        ""initialization"": [
            """"
        ]
    },
    {
        ""imports"": [
            """"
        ],
        ""initialization"": [
            """"
        ]
    },
    {
        ""imports"": [
            """"
        ],
        ""initialization"": [
            """"
        ]
    },
    {
        ""imports"": [
            """"
        ],
        ""initialization"": [
            """"
        ]
    },
    {
        ""imports"": [
            """"
        ],
        ""initialization"": [
            """"
        ]
    },
    {
        ""imports"": [
            """"
        ],
        ""initialization"": [
            """"
        ]
    },
    {
        ""imports"": [
            """"
        ],
        ""initialization"": [
            """"
        ]
    }
]",3,7516,0.003758,2685,0.0040275,0.0077855
"When trying to execute the code snippet with the provided imports and initialization, the lines with # uncovered are not executed.

# begin code snippet
""""""Run `fn` to update `var` using inputs mirrored to the same devices.
    `tf.distribute.StrategyExtended.update` takes a distributed variable `var`
    to be updated, an update function `fn`, and `args` and `kwargs` for `fn`. It
    applies `fn` to each component variable of `var` and passes corresponding
    values from `args` and `kwargs`. Neither `args` nor `kwargs` may contain
    per-replica values. If they contain mirrored values, they will be unwrapped
    before calling `fn`. For example, `fn` can be `assign_add` and `args` can be
    a mirrored DistributedValues where each component contains the value to be
    added to this mirrored variable `var`. Calling `update` will call
    `assign_add` on each component variable of `var` with the corresponding
    tensor value on that device.
    Example usage:
    ```python
    strategy = tf.distribute.MirroredStrategy(['GPU:0', 'GPU:1']) # With 2
    devices
    with strategy.scope():
      v = tf.Variable(5.0, aggregation=tf.VariableAggregation.SUM)
    def update_fn(v):
      return v.assign(1.0)
    result = strategy.extended.update(v, update_fn)
    # result is
    # Mirrored:{
    #  0: tf.Tensor(1.0, shape=(), dtype=float32),
    #  1: tf.Tensor(1.0, shape=(), dtype=float32)
    # }
    ```
    If `var` is mirrored across multiple devices, then this method implements
    logic as following:
    ```python
    results = {}
    for device, v in var:
      with tf.device(device):
        # args and kwargs will be unwrapped if they are mirrored.
        results[device] = fn(v, *args, **kwargs)
    return merged(results)
    ```
    Otherwise, this method returns `fn(var, *args, **kwargs)` colocated with
    `var`.
    Args:
      var: Variable, possibly mirrored to multiple devices, to operate on.
      fn: Function to call. Should take the variable as the first argument.
      args: Tuple or list. Additional positional arguments to pass to `fn()`.
      kwargs: Dict with keyword arguments to pass to `fn()`.
      group: Boolean. Defaults to True. If False, the return value will be
        unwrapped.
    Returns:
      By default, the merged return value of `fn` across all replicas.  The
      merged result has dependencies to make sure that if it is evaluated at
      all, the side effects (updates) will happen on every replica. If instead
      ""group=False"" is specified, this function will return a nest of lists
      where each list has an element per replica, and the caller is responsible
      for ensuring all elements are executed.
    """"""
# TODO(b/178944108): Update the documentation to relfect the fact that
# `update` can be called in a replica context.
if kwargs is None:
    kwargs = {}
replica_context = distribution_strategy_context.get_replica_context()
# pylint: disable=protected-access
if (replica_context is None or replica_context is # uncovered
    distribution_strategy_context._get_default_replica_context()):
    fn = autograph.tf_convert( # uncovered
        fn, autograph_ctx.control_status_ctx(), convert_by_default=False)
    with self._container_strategy().scope():
        aux = self._update(var, fn, args, kwargs, group) # uncovered
        exit(aux) # uncovered
else: # uncovered
    aux = self._replica_ctx_update( # uncovered
        var, fn, args=args, kwargs=kwargs, group=group) # uncovered
    exit(aux) # uncovered

# end code snippet

Please, provide self-contained and concrete Python modified values of the imports and initialization to execute one of the uncovered paths in the code snippet.
Respond strictly with JSON. The JSON should be compatible with the TypeScript type `Response` from the following:

```ts
interface Response {
// Python import statements needed in the initialization code. One string per import.
imports: string[];
// Python code to initialize the undefined variables and make the code snippet executable. One string per undefined variable. The statements in the code snippet above are not part of the initialization of undefined variables. Therefore, their copy or modified versions should not be added here. The values should be self-contained and concrete, i.e. without assumptions or expected replacements of any code that is not present in the code snippet. In case there are undefined attributes or methods and the attribute or method base is not initialized, initialize the attribute or method base using type(""Mock"", bases, dict), where bases is a tuple containing the base classes that the Mock object inherits from, e.g. object, and dict is a dictionary containing the initialization of the undefined attributes and methods in the code snippet.
initialization: string[];
}
```","[
    {
        ""imports"": [
            ""import tensorflow as tf"",
            ""from tensorflow.python.distribute import distribution_strategy_context"",
            ""from tensorflow.python.autograph import autograph""
        ],
        ""initialization"": [
            ""strategy = tf.distribute.MirroredStrategy(['GPU:0', 'GPU:1'])"",
            ""with strategy.scope():"",
            ""    var = tf.Variable(5.0, aggregation=tf.VariableAggregation.SUM)"",
            ""    def fn(v): return v.assign(1.0)"",
            ""    args = ()"",
            ""    kwargs = None"",
            ""    group = True"",
            ""    self = type('Mock', (object,), {'_container_strategy': lambda: strategy, '_update': lambda var, fn, args, kwargs, group: 'updated', '_replica_ctx_update': lambda var, fn, args, kwargs, group: 'replica updated'})()"",
            ""    exit = lambda x: x"",
            ""    distribution_strategy_context.get_replica_context = lambda: None"",
            ""    distribution_strategy_context._get_default_replica_context = lambda: None"",
            ""    autograph_ctx = type('MockAuto', (object,), {'control_status_ctx': lambda: None})()""
        ]
    },
    {
        ""imports"": [
            ""import tensorflow as tf"",
            ""from tensorflow.python.distribute import distribution_strategy_context"",
            ""from tensorflow.python.autograph import autograph""
        ],
        ""initialization"": [
            ""strategy = tf.distribute.MirroredStrategy(['GPU:0', 'GPU:1'])"",
            ""with strategy.scope():"",
            ""    var = tf.Variable(5.0, aggregation=tf.VariableAggregation.SUM)"",
            ""    def fn(v): return v.assign(1.0)"",
            ""    args = ()"",
            ""    kwargs = None"",
            ""    group = True"",
            ""    self = type('Mock', (object,), {})()"",
            ""    self._container_strategy = lambda: strategy"",
            ""    self._update = lambda var, fn, args, kwargs, group: tf.convert_to_tensor(1.0)"",
            ""    self._replica_ctx_update = lambda var, fn, args, kwargs, group: tf.convert_to_tensor(2.0)"",
            ""    exit = lambda x: x"",
            ""    distribution_strategy_context.get_replica_context = lambda: None"",
            ""    distribution_strategy_context._get_default_replica_context = lambda: None"",
            ""    autograph_ctx = type('Mock', (object,), {'control_status_ctx': lambda: None})()""
        ]
    },
    {
        ""imports"": [
            ""import tensorflow as tf"",
            ""from tensorflow.python.distribute import distribution_strategy_context"",
            ""from tensorflow.python.autograph import autograph""
        ],
        ""initialization"": [
            ""strategy = tf.distribute.MirroredStrategy(['GPU:0', 'GPU:1'])"",
            ""with strategy.scope():"",
            ""    var = tf.Variable(5.0, aggregation=tf.VariableAggregation.SUM)"",
            ""    def fn(v): return v.assign(1.0)"",
            ""    args = ()"",
            ""    kwargs = None"",
            ""    group = True"",
            ""    self = type('Mock', (object,), {})()"",
            ""    self._container_strategy = lambda: strategy"",
            ""    self._update = lambda var, fn, args, kwargs, group: 'updated'"",
            ""    self._replica_ctx_update = lambda var, fn, args, kwargs, group: 'replica updated'"",
            ""    exit = lambda x: x"",
            ""    distribution_strategy_context.get_replica_context = lambda: None"",
            ""    distribution_strategy_context._get_default_replica_context = lambda: None"",
            ""    autograph_ctx = type('Mock', (object,), {'control_status_ctx': lambda: None})()""
        ]
    },
    {
        ""imports"": [
            ""import tensorflow as tf"",
            ""from tensorflow.python.distribute import distribution_strategy_context"",
            ""from tensorflow.python.autograph import autograph""
        ],
        ""initialization"": [
            ""strategy = tf.distribute.MirroredStrategy(['GPU:0', 'GPU:1'])"",
            ""with strategy.scope():"",
            ""    var = tf.Variable(5.0, aggregation=tf.VariableAggregation.SUM)"",
            ""    def fn(v): return v.assign(1.0)"",
            ""    args = ()"",
            ""    kwargs = None"",
            ""    group = True"",
            ""    self = type('Mock', (object,), {})()"",
            ""    self._container_strategy = lambda: strategy"",
            ""    self._update = lambda var, fn, args, kwargs, group: 'updated'"",
            ""    self._replica_ctx_update = lambda var, fn, args, kwargs, group: 'replica updated'"",
            ""    exit = lambda x: x"",
            ""    distribution_strategy_context.get_replica_context = lambda: None"",
            ""    distribution_strategy_context._get_default_replica_context = lambda: None"",
            ""    autograph_ctx = type('Mock', (object,), {'control_status_ctx': lambda: None})()""
        ]
    },
    {
        ""imports"": [
            ""import tensorflow as tf"",
            ""from tensorflow.python.distribute import distribution_strategy_context"",
            ""from tensorflow.python.autograph import autograph""
        ],
        ""initialization"": [
            ""strategy = tf.distribute.MirroredStrategy(['GPU:0', 'GPU:1'])"",
            ""with strategy.scope():"",
            ""    var = tf.Variable(5.0, aggregation=tf.VariableAggregation.SUM)"",
            ""    def fn(v): return v.assign(1.0)"",
            ""    args = ()"",
            ""    kwargs = None"",
            ""    group = True"",
            ""    self = type('Mock', (object,), {'_container_strategy': lambda: strategy})()"",
            ""    self._update = lambda var, fn, args, kwargs, group: 'updated'"",
            ""    self._replica_ctx_update = lambda var, fn, args, kwargs, group: 'replica updated'"",
            ""    exit = lambda x: x"",
            ""    distribution_strategy_context.get_replica_context = lambda: None"",
            ""    distribution_strategy_context._get_default_replica_context = lambda: None"",
            ""    autograph_ctx = type('Mock', (object,), {'control_status_ctx': lambda: None})()""
        ]
    },
    {
        ""imports"": [
            ""import tensorflow as tf"",
            ""from tensorflow.python.distribute import distribution_strategy_context"",
            ""from tensorflow.python.autograph import autograph""
        ],
        ""initialization"": [
            ""strategy = tf.distribute.MirroredStrategy(['GPU:0', 'GPU:1'])"",
            ""with strategy.scope():"",
            ""    var = tf.Variable(5.0, aggregation=tf.VariableAggregation.SUM)"",
            ""    def fn(v): return v.assign(1.0)"",
            ""    args = ()"",
            ""    kwargs = None"",
            ""    group = True"",
            ""    self = type('Mock', (object,), {'_container_strategy': lambda: strategy, '_update': lambda v, f, a, k, g: 'updated', '_replica_ctx_update': lambda v, f, a, k, g: 'replica updated'})()"",
            ""    distribution_strategy_context.get_replica_context = lambda: None"",
            ""    distribution_strategy_context._get_default_replica_context = lambda: None"",
            ""    autograph_ctx = type('Mock', (object,), {'control_status_ctx': lambda: None})()"",
            ""    exit = lambda x: x""
        ]
    },
    {
        ""imports"": [
            ""import tensorflow as tf"",
            ""from tensorflow.python.distribute import distribution_strategy_context"",
            ""from tensorflow.python.autograph import autograph""
        ],
        ""initialization"": [
            ""strategy = tf.distribute.MirroredStrategy(['GPU:0', 'GPU:1'])"",
            ""with strategy.scope():"",
            ""    var = tf.Variable(5.0, aggregation=tf.VariableAggregation.SUM)"",
            ""    def fn(v): return v.assign(1.0)"",
            ""    args = ()"",
            ""    kwargs = None"",
            ""    group = True"",
            ""    self = type('Mock', (object,), {'_container_strategy': lambda: strategy, '_update': lambda var, fn, args, kwargs, group: 'updated', '_replica_ctx_update': lambda var, fn, args, kwargs, group: 'replica updated'})()"",
            ""    exit = lambda x: x"",
            ""    distribution_strategy_context.get_replica_context = lambda: 'replica_context'"",
            ""    distribution_strategy_context._get_default_replica_context = lambda: None"",
            ""    autograph_ctx = type('Mock', (), {'control_status_ctx': lambda: None})()""
        ]
    },
    {
        ""imports"": [
            ""import tensorflow as tf"",
            ""from tensorflow.python.distribute import distribution_strategy_context"",
            ""from tensorflow.python.autograph import autograph""
        ],
        ""initialization"": [
            ""strategy = tf.distribute.MirroredStrategy(['GPU:0', 'GPU:1'])"",
            ""with strategy.scope():"",
            ""    var = tf.Variable(5.0, aggregation=tf.VariableAggregation.SUM)"",
            ""    def fn(v): return v.assign(1.0)"",
            ""    args = ()"",
            ""    kwargs = None"",
            ""    group = True"",
            ""    self = type('Mock', (object,), {'_container_strategy': lambda: strategy, '_update': lambda var, fn, args, kwargs, group: tf.constant([1.0]), '_replica_ctx_update': lambda var, fn, args, kwargs, group: tf.constant([2.0])})()"",
            ""    distribution_strategy_context.get_replica_context = lambda: None"",
            ""    distribution_strategy_context._get_default_replica_context = lambda: None"",
            ""    autograph_ctx = type('Mock', (object,), {'control_status_ctx': lambda: None})()"",
            ""    exit = lambda x: x""
        ]
    },
    {
        ""imports"": [
            ""import tensorflow as tf"",
            ""from tensorflow.python.distribute import distribution_strategy_context"",
            ""from tensorflow.python.autograph import autograph""
        ],
        ""initialization"": [
            ""strategy = tf.distribute.MirroredStrategy(['GPU:0', 'GPU:1'])"",
            ""with strategy.scope():"",
            ""    var = tf.Variable(5.0, aggregation=tf.VariableAggregation.SUM)"",
            ""def fn(v): return v.assign(1.0)"",
            ""args = ()"",
            ""kwargs = None"",
            ""group = True"",
            ""self = type('Mock', (object,), {})()"",
            ""self._container_strategy = lambda: strategy"",
            ""self._update = lambda var, fn, args, kwargs, group: 'result from update'"",
            ""self._replica_ctx_update = lambda var, fn, args, kwargs, group: 'result from replica update'"",
            ""exit = lambda x: x"",
            ""replica_context = None"",
            ""distribution_strategy_context.get_replica_context = lambda: replica_context"",
            ""distribution_strategy_context._get_default_replica_context = lambda: None"",
            ""autograph_ctx = type('Mock', (object,), {'control_status_ctx': lambda: None})()""
        ]
    },
    {
        ""imports"": [
            ""import tensorflow as tf"",
            ""from tensorflow.python.distribute import distribution_strategy_context"",
            ""from tensorflow.python.autograph import autograph""
        ],
        ""initialization"": [
            ""strategy = tf.distribute.MirroredStrategy(['GPU:0', 'GPU:1'])"",
            ""with strategy.scope():"",
            ""    var = tf.Variable(5.0, aggregation=tf.VariableAggregation.SUM)"",
            ""    def fn(v): return v.assign(1.0)"",
            ""    args = ()"",
            ""    kwargs = None"",
            ""    group = True"",
            ""    self = type('Mock', (object,), {'_container_strategy': lambda self: strategy, '_update': lambda var, fn, args, kwargs, group: 'updated'})()"",
            ""    distribution_strategy_context.get_replica_context = lambda: None"",
            ""    distribution_strategy_context._get_default_replica_context = lambda: None"",
            ""    autograph_ctx = type('Mock', (object,), {'control_status_ctx': lambda: None})()"",
            ""    exit = lambda x: x""
        ]
    }
]","[
    {
        ""imports"": [
            """"
        ],
        ""initialization"": [
            """"
        ]
    },
    {
        ""imports"": [
            """"
        ],
        ""initialization"": [
            """"
        ]
    },
    {
        ""imports"": [
            """"
        ],
        ""initialization"": [
            """"
        ]
    },
    {
        ""imports"": [
            """"
        ],
        ""initialization"": [
            """"
        ]
    },
    {
        ""imports"": [
            """"
        ],
        ""initialization"": [
            """"
        ]
    },
    {
        ""imports"": [
            """"
        ],
        ""initialization"": [
            """"
        ]
    },
    {
        ""imports"": [
            """"
        ],
        ""initialization"": [
            """"
        ]
    },
    {
        ""imports"": [
            """"
        ],
        ""initialization"": [
            """"
        ]
    },
    {
        ""imports"": [
            """"
        ],
        ""initialization"": [
            ""def fn(v): return v.assign(1.0) # pragma: no cover"",
            ""args = () # pragma: no cover"",
            ""kwargs = None # pragma: no cover"",
            ""group = True # pragma: no cover"",
            ""self = type('Mock', (object,), {})() # pragma: no cover"",
            ""self._container_strategy = lambda: strategy # pragma: no cover"",
            ""self._update = lambda var, fn, args, kwargs, group: 'result from update' # pragma: no cover"",
            ""self._replica_ctx_update = lambda var, fn, args, kwargs, group: 'result from replica update' # pragma: no cover"",
            ""exit = lambda x: x # pragma: no cover"",
            ""replica_context = None # pragma: no cover"",
            ""autograph_ctx = type('Mock', (object,), {'control_status_ctx': lambda: None})() # pragma: no cover""
        ]
    },
    {
        ""imports"": [
            """"
        ],
        ""initialization"": [
            """"
        ]
    }
]",3,11283,0.0056415,2686,0.004029,0.0096704999999999
"When trying to execute the code snippet with the provided imports and initialization, the lines with # uncovered are not executed.

# begin code snippet
""""""Run `fn` to update `var` using inputs mirrored to the same devices.
    `tf.distribute.StrategyExtended.update` takes a distributed variable `var`
    to be updated, an update function `fn`, and `args` and `kwargs` for `fn`. It
    applies `fn` to each component variable of `var` and passes corresponding
    values from `args` and `kwargs`. Neither `args` nor `kwargs` may contain
    per-replica values. If they contain mirrored values, they will be unwrapped
    before calling `fn`. For example, `fn` can be `assign_add` and `args` can be
    a mirrored DistributedValues where each component contains the value to be
    added to this mirrored variable `var`. Calling `update` will call
    `assign_add` on each component variable of `var` with the corresponding
    tensor value on that device.
    Example usage:
    ```python
    strategy = tf.distribute.MirroredStrategy(['GPU:0', 'GPU:1']) # With 2
    devices
    with strategy.scope():
      v = tf.Variable(5.0, aggregation=tf.VariableAggregation.SUM)
    def update_fn(v):
      return v.assign(1.0)
    result = strategy.extended.update(v, update_fn)
    # result is
    # Mirrored:{
    #  0: tf.Tensor(1.0, shape=(), dtype=float32),
    #  1: tf.Tensor(1.0, shape=(), dtype=float32)
    # }
    ```
    If `var` is mirrored across multiple devices, then this method implements
    logic as following:
    ```python
    results = {}
    for device, v in var:
      with tf.device(device):
        # args and kwargs will be unwrapped if they are mirrored.
        results[device] = fn(v, *args, **kwargs)
    return merged(results)
    ```
    Otherwise, this method returns `fn(var, *args, **kwargs)` colocated with
    `var`.
    Args:
      var: Variable, possibly mirrored to multiple devices, to operate on.
      fn: Function to call. Should take the variable as the first argument.
      args: Tuple or list. Additional positional arguments to pass to `fn()`.
      kwargs: Dict with keyword arguments to pass to `fn()`.
      group: Boolean. Defaults to True. If False, the return value will be
        unwrapped.
    Returns:
      By default, the merged return value of `fn` across all replicas.  The
      merged result has dependencies to make sure that if it is evaluated at
      all, the side effects (updates) will happen on every replica. If instead
      ""group=False"" is specified, this function will return a nest of lists
      where each list has an element per replica, and the caller is responsible
      for ensuring all elements are executed.
    """"""
# TODO(b/178944108): Update the documentation to relfect the fact that
# `update` can be called in a replica context.
if kwargs is None:
    kwargs = {}
replica_context = distribution_strategy_context.get_replica_context()
# pylint: disable=protected-access
if (replica_context is None or replica_context is # uncovered
    distribution_strategy_context._get_default_replica_context()):
    fn = autograph.tf_convert( # uncovered
        fn, autograph_ctx.control_status_ctx(), convert_by_default=False)
    with self._container_strategy().scope():
        aux = self._update(var, fn, args, kwargs, group) # uncovered
        exit(aux) # uncovered
else: # uncovered
    aux = self._replica_ctx_update( # uncovered
        var, fn, args=args, kwargs=kwargs, group=group) # uncovered
    exit(aux) # uncovered

# end code snippet

Please, provide self-contained and concrete Python modified values of the imports and initialization to execute one of the uncovered paths in the code snippet.
Respond strictly with JSON. The JSON should be compatible with the TypeScript type `Response` from the following:

```ts
interface Response {
// Python import statements needed in the initialization code. One string per import.
imports: string[];
// Python code to initialize the undefined variables and make the code snippet executable. One string per undefined variable. The statements in the code snippet above are not part of the initialization of undefined variables. Therefore, their copy or modified versions should not be added here. The values should be self-contained and concrete, i.e. without assumptions or expected replacements of any code that is not present in the code snippet. In case there are undefined attributes or methods and the attribute or method base is not initialized, initialize the attribute or method base using type(""Mock"", bases, dict), where bases is a tuple containing the base classes that the Mock object inherits from, e.g. object, and dict is a dictionary containing the initialization of the undefined attributes and methods in the code snippet.
initialization: string[];
}
```","[
    {
        ""imports"": [
            ""import tensorflow as tf"",
            ""from tensorflow.python.distribute import distribution_strategy_context"",
            ""from tensorflow.python.autograph import autograph""
        ],
        ""initialization"": [
            ""strategy = tf.distribute.MirroredStrategy(['GPU:0', 'GPU:1'])"",
            ""with strategy.scope():"",
            ""    var = tf.Variable(5.0, aggregation=tf.VariableAggregation.SUM)"",
            ""    def fn(v): return v.assign(1.0)"",
            ""    args = ()"",
            ""    kwargs = None"",
            ""    group = True"",
            ""    self = type('Mock', (object,), {})()"",
            ""    self._container_strategy = lambda: strategy"",
            ""    self._update = lambda var, fn, args, kwargs, group: 'updated'"",
            ""    self._replica_ctx_update = lambda var, fn, args, kwargs, group: 'replica updated'"",
            ""    exit = lambda x: x"",
            ""    distribution_strategy_context.get_replica_context = lambda: None"",
            ""    distribution_strategy_context._get_default_replica_context = lambda: None"",
            ""    autograph_ctx = type('Mock', (object,), {'control_status_ctx': lambda: None})()""
        ]
    },
    {
        ""imports"": [
            ""import tensorflow as tf"",
            ""from tensorflow.python.distribute import distribution_strategy_context"",
            ""from tensorflow.python.autograph import autograph""
        ],
        ""initialization"": [
            ""strategy = tf.distribute.MirroredStrategy(['GPU:0', 'GPU:1'])"",
            ""with strategy.scope():"",
            ""    var = tf.Variable(5.0, aggregation=tf.VariableAggregation.SUM)"",
            ""    def fn(v): return v.assign(1.0)"",
            ""    args = ()"",
            ""    kwargs = None"",
            ""    group = True"",
            ""    self = type('Mock', (object,), {'_container_strategy': lambda: strategy, '_update': lambda v, f, a, k, g: 'updated', '_replica_ctx_update': lambda v, f, a, k, g: 'replica updated'})()"",
            ""    exit = lambda x: x"",
            ""    distribution_strategy_context.get_replica_context = lambda: None"",
            ""    distribution_strategy_context._get_default_replica_context = lambda: None"",
            ""    autograph_ctx = type('Mock', (object,), {'control_status_ctx': lambda: None})()""
        ]
    },
    {
        ""imports"": [
            ""import tensorflow as tf"",
            ""from tensorflow.python.distribute import distribution_strategy_context"",
            ""from tensorflow.python.autograph import autograph""
        ],
        ""initialization"": [
            ""strategy = tf.distribute.MirroredStrategy(['GPU:0', 'GPU:1'])"",
            ""with strategy.scope():"",
            ""    var = tf.Variable(5.0, aggregation=tf.VariableAggregation.SUM)"",
            ""    def fn(v): return v.assign(1.0)"",
            ""    args = ()"",
            ""    kwargs = None"",
            ""    group = True"",
            ""    self = type('Mock', (object,), {})()"",
            ""    self._container_strategy = lambda: strategy"",
            ""    self._update = lambda var, fn, args, kwargs, group: tf.constant([1.0, 1.0])"",
            ""    self._replica_ctx_update = lambda var, fn, args, kwargs, group: tf.constant([2.0, 2.0])"",
            ""    exit = lambda x: x"",
            ""    distribution_strategy_context.get_replica_context = lambda: None"",
            ""    distribution_strategy_context._get_default_replica_context = lambda: None"",
            ""    autograph_ctx = type('Mock', (object,), {'control_status_ctx': lambda: None})()""
        ]
    },
    {
        ""imports"": [
            ""import tensorflow as tf"",
            ""from tensorflow.python.distribute import distribution_strategy_context"",
            ""from tensorflow.python.autograph import autograph""
        ],
        ""initialization"": [
            ""strategy = tf.distribute.MirroredStrategy(['GPU:0', 'GPU:1'])"",
            ""with strategy.scope():"",
            ""    var = tf.Variable(5.0, aggregation=tf.VariableAggregation.SUM)"",
            ""    def fn(v): return v.assign(1.0)"",
            ""    args = ()"",
            ""    kwargs = None"",
            ""    group = True"",
            ""    self = type('Mock', (object,), {})()"",
            ""    self._container_strategy = lambda: strategy"",
            ""    self._update = lambda var, fn, args, kwargs, group: 'updated'"",
            ""    self._replica_ctx_update = lambda var, fn, args, kwargs, group: 'replica updated'"",
            ""    exit = lambda x: x"",
            ""    distribution_strategy_context.get_replica_context = lambda: None"",
            ""    distribution_strategy_context._get_default_replica_context = lambda: None"",
            ""    autograph_ctx = type('Mock', (object,), {'control_status_ctx': lambda: None})()""
        ]
    },
    {
        ""imports"": [
            ""import tensorflow as tf"",
            ""from tensorflow.python.distribute import distribution_strategy_context"",
            ""from tensorflow.python.autograph import autograph""
        ],
        ""initialization"": [
            ""strategy = tf.distribute.MirroredStrategy(['GPU:0', 'GPU:1'])"",
            ""with strategy.scope():"",
            ""    var = tf.Variable(5.0, aggregation=tf.VariableAggregation.SUM)"",
            ""    def fn(v): return v.assign(1.0)"",
            ""    args = ()"",
            ""    kwargs = None"",
            ""    group = True"",
            ""    self = type('Mock', (object,), {'_container_strategy': lambda: strategy, '_update': lambda var, fn, args, kwargs, group: 'updated'})()"",
            ""    exit = lambda x: x"",
            ""    distribution_strategy_context.get_replica_context = lambda: None"",
            ""    distribution_strategy_context._get_default_replica_context = lambda: None"",
            ""    autograph_ctx = type('Mock', (object,), {'control_status_ctx': lambda: None})()""
        ]
    },
    {
        ""imports"": [
            ""import tensorflow as tf"",
            ""from tensorflow.python.distribute import distribution_strategy_context"",
            ""from tensorflow.python.autograph import autograph""
        ],
        ""initialization"": [
            ""strategy = tf.distribute.MirroredStrategy(['GPU:0', 'GPU:1'])"",
            ""with strategy.scope():"",
            ""    var = tf.Variable(5.0, aggregation=tf.VariableAggregation.SUM)"",
            ""    def fn(v): return v.assign(1.0)"",
            ""    args = ()"",
            ""    kwargs = None"",
            ""    group = True"",
            ""    self = type('Mock', (object,), {'_container_strategy': lambda: strategy, '_update': lambda var, fn, args, kwargs, group: 'updated', '_replica_ctx_update': lambda var, fn, args, kwargs, group: 'replica updated'})()"",
            ""    exit = lambda x: x"",
            ""    distribution_strategy_context.get_replica_context = lambda: None"",
            ""    distribution_strategy_context._get_default_replica_context = lambda: None"",
            ""    autograph_ctx = type('Mock', (object,), {'control_status_ctx': lambda: None})()""
        ]
    },
    {
        ""imports"": [
            ""import tensorflow as tf"",
            ""from tensorflow.python.distribute import distribution_strategy_context"",
            ""from tensorflow.python.autograph import autograph""
        ],
        ""initialization"": [
            ""strategy = tf.distribute.MirroredStrategy(['GPU:0', 'GPU:1'])"",
            ""with strategy.scope():"",
            ""    var = tf.Variable(5.0, aggregation=tf.VariableAggregation.SUM)"",
            ""    def fn(v): return v.assign(1.0)"",
            ""    args = ()"",
            ""    kwargs = None"",
            ""    group = True"",
            ""    self = type('Mock', (object,), {'_container_strategy': lambda self: strategy, '_update': lambda var, fn, args, kwargs, group: 'result from update'})()"",
            ""    self._replica_ctx_update = lambda var, fn, args, kwargs, group: 'result from replica update'"",
            ""    exit = lambda x: x"",
            ""    distribution_strategy_context.get_replica_context = lambda: None"",
            ""    distribution_strategy_context._get_default_replica_context = lambda: None"",
            ""    autograph_ctx = type('Mock', (object,), {'control_status_ctx': lambda: None})()""
        ]
    },
    {
        ""imports"": [
            ""import tensorflow as tf"",
            ""from tensorflow.python.distribute import distribution_strategy_context"",
            ""from tensorflow.python.autograph import autograph""
        ],
        ""initialization"": [
            ""strategy = tf.distribute.MirroredStrategy(['GPU:0', 'GPU:1'])"",
            ""with strategy.scope():"",
            ""    var = tf.Variable(5.0, aggregation=tf.VariableAggregation.SUM)"",
            ""    def fn(v): return v.assign(1.0)"",
            ""    args = ()"",
            ""    kwargs = None"",
            ""    group = True"",
            ""    self = type('Mock', (object,), {})()"",
            ""    self._container_strategy = lambda: strategy"",
            ""    self._update = lambda var, fn, args, kwargs, group: 'result from update'"",
            ""    self._replica_ctx_update = lambda var, fn, args, kwargs, group: 'result from replica update'"",
            ""    exit = lambda x: x"",
            ""    distribution_strategy_context.get_replica_context = lambda: None"",
            ""    distribution_strategy_context._get_default_replica_context = lambda: None"",
            ""    autograph_ctx = type('Mock', (object,), {'control_status_ctx': lambda: None})()""
        ]
    },
    {
        ""imports"": [
            ""import tensorflow as tf"",
            ""from tensorflow.python.distribute import distribution_strategy_context"",
            ""from tensorflow.python.autograph import autograph""
        ],
        ""initialization"": [
            ""strategy = tf.distribute.MirroredStrategy(['GPU:0', 'GPU:1'])"",
            ""with strategy.scope():"",
            ""    var = tf.Variable(5.0, aggregation=tf.VariableAggregation.SUM)"",
            ""    def fn(v): return v.assign(1.0)"",
            ""    args = ()"",
            ""    kwargs = None"",
            ""    group = True"",
            ""    self = type('Mock', (object,), {})()"",
            ""    self._container_strategy = lambda: strategy"",
            ""    self._update = lambda var, fn, args, kwargs, group: 'output from update'"",
            ""    self._replica_ctx_update = lambda var, fn, args, kwargs, group: 'output from replica update'"",
            ""    exit = lambda x: x"",
            ""    distribution_strategy_context.get_replica_context = lambda: None"",
            ""    distribution_strategy_context._get_default_replica_context = lambda: None"",
            ""    autograph_ctx = type('Mock', (object,), {'control_status_ctx': lambda: None})()""
        ]
    },
    {
        ""imports"": [
            ""import tensorflow as tf"",
            ""from tensorflow.python.distribute import distribution_strategy_context"",
            ""from tensorflow.python.autograph import autograph""
        ],
        ""initialization"": [
            ""strategy = tf.distribute.MirroredStrategy(['GPU:0', 'GPU:1'])"",
            ""with strategy.scope():"",
            ""    var = tf.Variable(5.0, aggregation=tf.VariableAggregation.SUM)"",
            ""    def fn(v): return v.assign(1.0)"",
            ""    args = ()"",
            ""    kwargs = None"",
            ""    group = True"",
            ""    self = type('Mock', (object,), {'_container_strategy': lambda: strategy, '_update': lambda var, fn, args, kwargs, group: 'updated', '_replica_ctx_update': lambda var, fn, args, kwargs, group: 'replica updated'})()"",
            ""    exit = lambda x: x"",
            ""    distribution_strategy_context.get_replica_context = lambda: None"",
            ""    distribution_strategy_context._get_default_replica_context = lambda: None"",
            ""    autograph_ctx = type('Mock', (object,), {'control_status_ctx': lambda: None})()""
        ]
    }
]","[
    {
        ""imports"": [
            """"
        ],
        ""initialization"": [
            """"
        ]
    },
    {
        ""imports"": [
            """"
        ],
        ""initialization"": [
            """"
        ]
    },
    {
        ""imports"": [
            """"
        ],
        ""initialization"": [
            """"
        ]
    },
    {
        ""imports"": [
            """"
        ],
        ""initialization"": [
            """"
        ]
    },
    {
        ""imports"": [
            """"
        ],
        ""initialization"": [
            """"
        ]
    },
    {
        ""imports"": [
            """"
        ],
        ""initialization"": [
            """"
        ]
    },
    {
        ""imports"": [
            """"
        ],
        ""initialization"": [
            """"
        ]
    },
    {
        ""imports"": [
            """"
        ],
        ""initialization"": [
            """"
        ]
    },
    {
        ""imports"": [
            """"
        ],
        ""initialization"": [
            """"
        ]
    },
    {
        ""imports"": [
            """"
        ],
        ""initialization"": [
            """"
        ]
    }
]",3,12058,0.006029,2700,0.00405,0.010079
"When trying to execute the code snippet with the provided imports and initialization, the lines with # uncovered are not executed.

# begin code snippet
""""""Run `fn` to update `var` using inputs mirrored to the same devices.
    `tf.distribute.StrategyExtended.update` takes a distributed variable `var`
    to be updated, an update function `fn`, and `args` and `kwargs` for `fn`. It
    applies `fn` to each component variable of `var` and passes corresponding
    values from `args` and `kwargs`. Neither `args` nor `kwargs` may contain
    per-replica values. If they contain mirrored values, they will be unwrapped
    before calling `fn`. For example, `fn` can be `assign_add` and `args` can be
    a mirrored DistributedValues where each component contains the value to be
    added to this mirrored variable `var`. Calling `update` will call
    `assign_add` on each component variable of `var` with the corresponding
    tensor value on that device.
    Example usage:
    ```python
    strategy = tf.distribute.MirroredStrategy(['GPU:0', 'GPU:1']) # With 2
    devices
    with strategy.scope():
      v = tf.Variable(5.0, aggregation=tf.VariableAggregation.SUM)
    def update_fn(v):
      return v.assign(1.0)
    result = strategy.extended.update(v, update_fn)
    # result is
    # Mirrored:{
    #  0: tf.Tensor(1.0, shape=(), dtype=float32),
    #  1: tf.Tensor(1.0, shape=(), dtype=float32)
    # }
    ```
    If `var` is mirrored across multiple devices, then this method implements
    logic as following:
    ```python
    results = {}
    for device, v in var:
      with tf.device(device):
        # args and kwargs will be unwrapped if they are mirrored.
        results[device] = fn(v, *args, **kwargs)
    return merged(results)
    ```
    Otherwise, this method returns `fn(var, *args, **kwargs)` colocated with
    `var`.
    Args:
      var: Variable, possibly mirrored to multiple devices, to operate on.
      fn: Function to call. Should take the variable as the first argument.
      args: Tuple or list. Additional positional arguments to pass to `fn()`.
      kwargs: Dict with keyword arguments to pass to `fn()`.
      group: Boolean. Defaults to True. If False, the return value will be
        unwrapped.
    Returns:
      By default, the merged return value of `fn` across all replicas.  The
      merged result has dependencies to make sure that if it is evaluated at
      all, the side effects (updates) will happen on every replica. If instead
      ""group=False"" is specified, this function will return a nest of lists
      where each list has an element per replica, and the caller is responsible
      for ensuring all elements are executed.
    """"""
# TODO(b/178944108): Update the documentation to relfect the fact that
# `update` can be called in a replica context.
if kwargs is None:
    kwargs = {}
replica_context = distribution_strategy_context.get_replica_context()
# pylint: disable=protected-access
if (replica_context is None or replica_context is # uncovered
    distribution_strategy_context._get_default_replica_context()):
    fn = autograph.tf_convert( # uncovered
        fn, autograph_ctx.control_status_ctx(), convert_by_default=False)
    with self._container_strategy().scope():
        aux = self._update(var, fn, args, kwargs, group) # uncovered
        exit(aux) # uncovered
else: # uncovered
    aux = self._replica_ctx_update( # uncovered
        var, fn, args=args, kwargs=kwargs, group=group) # uncovered
    exit(aux) # uncovered

# end code snippet

Please, provide self-contained and concrete Python modified values of the imports and initialization to execute one of the uncovered paths in the code snippet.
Respond strictly with JSON. The JSON should be compatible with the TypeScript type `Response` from the following:

```ts
interface Response {
// Python import statements needed in the initialization code. One string per import.
imports: string[];
// Python code to initialize the undefined variables and make the code snippet executable. One string per undefined variable. The statements in the code snippet above are not part of the initialization of undefined variables. Therefore, their copy or modified versions should not be added here. The values should be self-contained and concrete, i.e. without assumptions or expected replacements of any code that is not present in the code snippet. In case there are undefined attributes or methods and the attribute or method base is not initialized, initialize the attribute or method base using type(""Mock"", bases, dict), where bases is a tuple containing the base classes that the Mock object inherits from, e.g. object, and dict is a dictionary containing the initialization of the undefined attributes and methods in the code snippet.
initialization: string[];
}
```","[
    {
        ""imports"": [
            ""import tensorflow as tf"",
            ""from tensorflow.python.distribute import distribution_strategy_context"",
            ""from tensorflow.python.autograph import autograph""
        ],
        ""initialization"": [
            ""strategy = tf.distribute.MirroredStrategy(['GPU:0', 'GPU:1'])"",
            ""with strategy.scope():"",
            ""    var = tf.Variable(5.0, aggregation=tf.VariableAggregation.SUM)"",
            ""    def fn(v): return v.assign(1.0)"",
            ""    args = ()"",
            ""    kwargs = None"",
            ""    group = True"",
            ""    self = type('Mock', (object,), {})()"",
            ""    self._container_strategy = lambda: strategy"",
            ""    self._update = lambda var, fn, args, kwargs, group: 'updated'"",
            ""    self._replica_ctx_update = lambda var, fn, args, kwargs, group: 'replica updated'"",
            ""    exit = lambda x: x"",
            ""    distribution_strategy_context.get_replica_context = lambda: None"",
            ""    distribution_strategy_context._get_default_replica_context = lambda: None"",
            ""    autograph_ctx = type('Mock', (object,), {'control_status_ctx': lambda: None})()""
        ]
    },
    {
        ""imports"": [
            ""import tensorflow as tf"",
            ""from tensorflow.python.distribute import distribution_strategy_context"",
            ""from tensorflow.python.autograph import autograph""
        ],
        ""initialization"": [
            ""strategy = tf.distribute.MirroredStrategy(['GPU:0', 'GPU:1'])"",
            ""with strategy.scope():"",
            ""    var = tf.Variable(5.0, aggregation=tf.VariableAggregation.SUM)"",
            ""    def fn(v): return v.assign(1.0)"",
            ""    args = ()"",
            ""    kwargs = None"",
            ""    group = True"",
            ""    self = type('Mock', (object,), {})()"",
            ""    self._container_strategy = lambda: strategy"",
            ""    self._update = lambda var, fn, args, kwargs, group: tf.constant(1.0)"",
            ""    self._replica_ctx_update = lambda var, fn, args, kwargs, group: tf.constant(2.0)"",
            ""    exit = lambda x: x"",
            ""    distribution_strategy_context.get_replica_context = lambda: None"",
            ""    distribution_strategy_context._get_default_replica_context = lambda: None"",
            ""    autograph_ctx = type('Mock', (object,), {'control_status_ctx': lambda: None})()""
        ]
    },
    {
        ""imports"": [
            ""import tensorflow as tf"",
            ""from tensorflow.python.distribute import distribution_strategy_context"",
            ""from tensorflow.python.autograph import autograph""
        ],
        ""initialization"": [
            ""strategy = tf.distribute.MirroredStrategy(['GPU:0', 'GPU:1'])"",
            ""with strategy.scope():"",
            ""    var = tf.Variable(5.0, aggregation=tf.VariableAggregation.SUM)"",
            ""    def fn(v): return v.assign(1.0)"",
            ""    args = ()"",
            ""    kwargs = None"",
            ""    group = True"",
            ""    self = type('Mock', (object,), {})()"",
            ""    self._container_strategy = lambda: strategy"",
            ""    self._update = lambda var, fn, args, kwargs, group: 'updated'"",
            ""    self._replica_ctx_update = lambda var, fn, args, kwargs, group: 'replica updated'"",
            ""    exit = lambda x: x"",
            ""    distribution_strategy_context.get_replica_context = lambda: 'replica_context'"",
            ""    distribution_strategy_context._get_default_replica_context = lambda: None"",
            ""    autograph_ctx = type('Mock', (object,), {'control_status_ctx': lambda: None})()""
        ]
    },
    {
        ""imports"": [
            ""import tensorflow as tf"",
            ""from tensorflow.python.distribute import distribution_strategy_context"",
            ""from tensorflow.python.autograph import autograph""
        ],
        ""initialization"": [
            ""strategy = tf.distribute.MirroredStrategy(['GPU:0', 'GPU:1'])"",
            ""with strategy.scope():"",
            ""    var = tf.Variable(5.0, aggregation=tf.VariableAggregation.SUM)"",
            ""    def fn(v): return v.assign(1.0)"",
            ""    args = ()"",
            ""    kwargs = None"",
            ""    group = True"",
            ""    self = type('Mock', (object,), {'_container_strategy': lambda: strategy, '_update': lambda var, fn, args, kwargs, group: 'updated'})()"",
            ""    exit = lambda x: x"",
            ""    distribution_strategy_context.get_replica_context = lambda: None"",
            ""    distribution_strategy_context._get_default_replica_context = lambda: None"",
            ""    autograph_ctx = type('Mock', (object,), {'control_status_ctx': lambda: None})()""
        ]
    },
    {
        ""imports"": [
            ""import tensorflow as tf"",
            ""from tensorflow.python.distribute import distribution_strategy_context"",
            ""from tensorflow.python.autograph import autograph""
        ],
        ""initialization"": [
            ""strategy = tf.distribute.MirroredStrategy(['GPU:0', 'GPU:1'])"",
            ""with strategy.scope():"",
            ""    var = tf.Variable(5.0, aggregation=tf.VariableAggregation.SUM)"",
            ""    def fn(v): return v.assign(1.0)"",
            ""    args = ()"",
            ""    kwargs = None"",
            ""    group = True"",
            ""    self = type('Mock', (object,), {})()"",
            ""    self._container_strategy = lambda: strategy"",
            ""    self._update = lambda var, fn, args, kwargs, group: tf.constant([1.0, 1.0])"",
            ""    self._replica_ctx_update = lambda var, fn, args, kwargs, group: 'replica updated'"",
            ""    exit = lambda x: x"",
            ""    distribution_strategy_context.get_replica_context = lambda: None"",
            ""    distribution_strategy_context._get_default_replica_context = lambda: None"",
            ""    autograph_ctx = type('Mock', (object,), {'control_status_ctx': lambda: None})()""
        ]
    },
    {
        ""imports"": [
            ""import tensorflow as tf"",
            ""from tensorflow.python.distribute import distribution_strategy_context"",
            ""from tensorflow.python.autograph import autograph""
        ],
        ""initialization"": [
            ""strategy = tf.distribute.MirroredStrategy(['GPU:0', 'GPU:1'])"",
            ""with strategy.scope():"",
            ""    var = tf.Variable(5.0, aggregation=tf.VariableAggregation.SUM)"",
            ""    def fn(v): return v.assign(1.0)"",
            ""    args = ()"",
            ""    kwargs = None"",
            ""    group = True"",
            ""    self = type('Mock', (object,), {})()"",
            ""    self._container_strategy = lambda: strategy"",
            ""    self._update = lambda var, fn, args, kwargs, group: 'updated'"",
            ""    self._replica_ctx_update = lambda var, fn, args, kwargs, group: 'replica updated'"",
            ""    exit = lambda x: x"",
            ""    distribution_strategy_context.get_replica_context = lambda: None"",
            ""    distribution_strategy_context._get_default_replica_context = lambda: None"",
            ""    autograph_ctx = type('Mock', (object,), {'control_status_ctx': lambda: None})()""
        ]
    },
    {
        ""imports"": [
            ""import tensorflow as tf"",
            ""from tensorflow.python.distribute import distribution_strategy_context"",
            ""from tensorflow.python.autograph import autograph""
        ],
        ""initialization"": [
            ""strategy = tf.distribute.MirroredStrategy(['GPU:0', 'GPU:1'])"",
            ""with strategy.scope():"",
            ""    var = tf.Variable(5.0, aggregation=tf.VariableAggregation.SUM)"",
            ""    def fn(v): return v.assign(1.0)"",
            ""    args = ()"",
            ""    kwargs = None"",
            ""    group = True"",
            ""    self = type('Mock', (object,), {'_container_strategy': lambda: strategy, '_update': lambda var, fn, args, kwargs, group: 'Update successful'})()"",
            ""    exit = lambda x: x"",
            ""    distribution_strategy_context.get_replica_context = lambda: None"",
            ""    distribution_strategy_context._get_default_replica_context = lambda: None"",
            ""    autograph_ctx = type('Mock', (object,), {'control_status_ctx': lambda: None})()""
        ]
    },
    {
        ""imports"": [
            ""import tensorflow as tf"",
            ""from tensorflow.python.distribute import distribution_strategy_context"",
            ""from tensorflow.python.autograph import autograph""
        ],
        ""initialization"": [
            ""strategy = tf.distribute.MirroredStrategy(['GPU:0', 'GPU:1'])"",
            ""with strategy.scope():"",
            ""    var = tf.Variable(5.0, aggregation=tf.VariableAggregation.SUM)"",
            ""    def fn(v): return v.assign(1.0)"",
            ""    args = ()"",
            ""    kwargs = None"",
            ""    group = True"",
            ""    self = type('Mock', (object,), {})()"",
            ""    self._container_strategy = lambda: strategy"",
            ""    self._update = lambda var, fn, args, kwargs, group: 'updated'"",
            ""    self._replica_ctx_update = lambda var, fn, args, kwargs, group: 'replica updated'"",
            ""    exit = lambda x: x"",
            ""    distribution_strategy_context.get_replica_context = lambda: None"",
            ""    distribution_strategy_context._get_default_replica_context = lambda: None"",
            ""    autograph_ctx = type('Mock', (object,), {'control_status_ctx': lambda: None})()""
        ]
    },
    {
        ""imports"": [
            ""import tensorflow as tf"",
            ""from tensorflow.python.distribute import distribution_strategy_context"",
            ""from tensorflow.python.autograph import autograph""
        ],
        ""initialization"": [
            ""strategy = tf.distribute.MirroredStrategy(['GPU:0', 'GPU:1'])"",
            ""with strategy.scope():"",
            ""    var = tf.Variable(5.0, aggregation=tf.VariableAggregation.SUM)"",
            ""    def fn(v): return v.assign(1.0)"",
            ""    args = ()"",
            ""    kwargs = None"",
            ""    group = True"",
            ""    self = type('Mock', (object,), {})()"",
            ""    self._container_strategy = lambda: strategy"",
            ""    self._update = lambda var, fn, args, kwargs, group: 'updated'"",
            ""    self._replica_ctx_update = lambda var, fn, args, kwargs, group: 'replica updated'"",
            ""    exit = lambda x: x"",
            ""    distribution_strategy_context.get_replica_context = lambda: None"",
            ""    distribution_strategy_context._get_default_replica_context = lambda: None"",
            ""    autograph_ctx = type('Mock', (object,), {'control_status_ctx': lambda: None})()""
        ]
    },
    {
        ""imports"": [
            ""import tensorflow as tf"",
            ""from tensorflow.python.distribute import distribution_strategy_context"",
            ""from tensorflow.python.autograph import autograph""
        ],
        ""initialization"": [
            ""strategy = tf.distribute.MirroredStrategy(['GPU:0', 'GPU:1'])"",
            ""with strategy.scope():"",
            ""    var = tf.Variable(5.0, aggregation=tf.VariableAggregation.SUM)"",
            ""    def fn(v): return v.assign(1.0)"",
            ""    args = ()"",
            ""    kwargs = None"",
            ""    group = True"",
            ""    self = type('Mock', (object,), {})()"",
            ""    self._container_strategy = lambda: strategy"",
            ""    self._update = lambda var, fn, args, kwargs, group: 'update executed'"",
            ""    self._replica_ctx_update = lambda var, fn, args, kwargs, group: 'replica ctx update executed'"",
            ""    exit = lambda x: x"",
            ""    distribution_strategy_context.get_replica_context = lambda: None"",
            ""    distribution_strategy_context._get_default_replica_context = lambda: None"",
            ""    autograph_ctx = type('Mock', (object,), {'control_status_ctx': lambda: None})()""
        ]
    }
]","[
    {
        ""imports"": [
            """"
        ],
        ""initialization"": [
            """"
        ]
    },
    {
        ""imports"": [
            """"
        ],
        ""initialization"": [
            """"
        ]
    },
    {
        ""imports"": [
            """"
        ],
        ""initialization"": [
            """"
        ]
    },
    {
        ""imports"": [
            """"
        ],
        ""initialization"": [
            """"
        ]
    },
    {
        ""imports"": [
            """"
        ],
        ""initialization"": [
            """"
        ]
    },
    {
        ""imports"": [
            """"
        ],
        ""initialization"": [
            """"
        ]
    },
    {
        ""imports"": [
            """"
        ],
        ""initialization"": [
            """"
        ]
    },
    {
        ""imports"": [
            """"
        ],
        ""initialization"": [
            """"
        ]
    },
    {
        ""imports"": [
            """"
        ],
        ""initialization"": [
            """"
        ]
    },
    {
        ""imports"": [
            """"
        ],
        ""initialization"": [
            """"
        ]
    }
]",3,8655,0.0043275,2705,0.0040575,0.008385
"When trying to execute the code snippet with the provided imports and initialization, the lines with # uncovered are not executed.

# begin code snippet
""""""Run `fn` to update `var` using inputs mirrored to the same devices.
    `tf.distribute.StrategyExtended.update` takes a distributed variable `var`
    to be updated, an update function `fn`, and `args` and `kwargs` for `fn`. It
    applies `fn` to each component variable of `var` and passes corresponding
    values from `args` and `kwargs`. Neither `args` nor `kwargs` may contain
    per-replica values. If they contain mirrored values, they will be unwrapped
    before calling `fn`. For example, `fn` can be `assign_add` and `args` can be
    a mirrored DistributedValues where each component contains the value to be
    added to this mirrored variable `var`. Calling `update` will call
    `assign_add` on each component variable of `var` with the corresponding
    tensor value on that device.
    Example usage:
    ```python
    strategy = tf.distribute.MirroredStrategy(['GPU:0', 'GPU:1']) # With 2
    devices
    with strategy.scope():
      v = tf.Variable(5.0, aggregation=tf.VariableAggregation.SUM)
    def update_fn(v):
      return v.assign(1.0)
    result = strategy.extended.update(v, update_fn)
    # result is
    # Mirrored:{
    #  0: tf.Tensor(1.0, shape=(), dtype=float32),
    #  1: tf.Tensor(1.0, shape=(), dtype=float32)
    # }
    ```
    If `var` is mirrored across multiple devices, then this method implements
    logic as following:
    ```python
    results = {}
    for device, v in var:
      with tf.device(device):
        # args and kwargs will be unwrapped if they are mirrored.
        results[device] = fn(v, *args, **kwargs)
    return merged(results)
    ```
    Otherwise, this method returns `fn(var, *args, **kwargs)` colocated with
    `var`.
    Args:
      var: Variable, possibly mirrored to multiple devices, to operate on.
      fn: Function to call. Should take the variable as the first argument.
      args: Tuple or list. Additional positional arguments to pass to `fn()`.
      kwargs: Dict with keyword arguments to pass to `fn()`.
      group: Boolean. Defaults to True. If False, the return value will be
        unwrapped.
    Returns:
      By default, the merged return value of `fn` across all replicas.  The
      merged result has dependencies to make sure that if it is evaluated at
      all, the side effects (updates) will happen on every replica. If instead
      ""group=False"" is specified, this function will return a nest of lists
      where each list has an element per replica, and the caller is responsible
      for ensuring all elements are executed.
    """"""
# TODO(b/178944108): Update the documentation to relfect the fact that
# `update` can be called in a replica context.
if kwargs is None:
    kwargs = {}
replica_context = distribution_strategy_context.get_replica_context()
# pylint: disable=protected-access
if (replica_context is None or replica_context is # uncovered
    distribution_strategy_context._get_default_replica_context()):
    fn = autograph.tf_convert( # uncovered
        fn, autograph_ctx.control_status_ctx(), convert_by_default=False)
    with self._container_strategy().scope():
        aux = self._update(var, fn, args, kwargs, group) # uncovered
        exit(aux) # uncovered
else: # uncovered
    aux = self._replica_ctx_update( # uncovered
        var, fn, args=args, kwargs=kwargs, group=group) # uncovered
    exit(aux) # uncovered

# end code snippet

Please, provide self-contained and concrete Python modified values of the imports and initialization to execute one of the uncovered paths in the code snippet.
Respond strictly with JSON. The JSON should be compatible with the TypeScript type `Response` from the following:

```ts
interface Response {
// Python import statements needed in the initialization code. One string per import.
imports: string[];
// Python code to initialize the undefined variables and make the code snippet executable. One string per undefined variable. The statements in the code snippet above are not part of the initialization of undefined variables. Therefore, their copy or modified versions should not be added here. The values should be self-contained and concrete, i.e. without assumptions or expected replacements of any code that is not present in the code snippet. In case there are undefined attributes or methods and the attribute or method base is not initialized, initialize the attribute or method base using type(""Mock"", bases, dict), where bases is a tuple containing the base classes that the Mock object inherits from, e.g. object, and dict is a dictionary containing the initialization of the undefined attributes and methods in the code snippet.
initialization: string[];
}
```","[
    {
        ""imports"": [
            ""import tensorflow as tf"",
            ""from tensorflow.python.distribute import distribution_strategy_context"",
            ""from tensorflow.python.autograph import autograph""
        ],
        ""initialization"": [
            ""strategy = tf.distribute.MirroredStrategy(['GPU:0', 'GPU:1'])"",
            ""with strategy.scope():"",
            ""    var = tf.Variable(5.0, aggregation=tf.VariableAggregation.SUM)"",
            ""    def fn(v): return v.assign(1.0)"",
            ""    args = ()"",
            ""    kwargs = None"",
            ""    group = True"",
            ""    self = type('Mock', (object,), {})()"",
            ""    self._container_strategy = lambda: strategy"",
            ""    self._update = lambda var, fn, args, kwargs, group: 'update executed'"",
            ""    self._replica_ctx_update = lambda var, fn, args, kwargs, group: 'replica update executed'"",
            ""    exit = lambda x: x"",
            ""    distribution_strategy_context.get_replica_context = lambda: None"",
            ""    distribution_strategy_context._get_default_replica_context = lambda: None"",
            ""    autograph_ctx = type('Mock', (object,), {'control_status_ctx': lambda: None})()""
        ]
    },
    {
        ""imports"": [
            ""import tensorflow as tf"",
            ""from tensorflow.python.distribute import distribution_strategy_context"",
            ""from tensorflow.python.autograph import autograph""
        ],
        ""initialization"": [
            ""strategy = tf.distribute.MirroredStrategy(['GPU:0', 'GPU:1'])"",
            ""with strategy.scope():"",
            ""    var = tf.Variable(5.0, aggregation=tf.VariableAggregation.SUM)"",
            ""    def fn(v): return v.assign(1.0)"",
            ""    args = ()"",
            ""    kwargs = None"",
            ""    group = True"",
            ""    self = type('Mock', (object,), {})()"",
            ""    self._container_strategy = lambda: strategy"",
            ""    self._update = lambda var, fn, args, kwargs, group: 'Updated'"",
            ""    self._replica_ctx_update = lambda var, fn, args, kwargs, group: 'Replica Context Updated'"",
            ""    exit = lambda x: x"",
            ""    distribution_strategy_context.get_replica_context = lambda: None"",
            ""    distribution_strategy_context._get_default_replica_context = lambda: None"",
            ""    autograph_ctx = type('Mock', (object,), {'control_status_ctx': lambda: None})()""
        ]
    },
    {
        ""imports"": [
            ""import tensorflow as tf"",
            ""from tensorflow.python.distribute import distribution_strategy_context"",
            ""from tensorflow.python.autograph import autograph""
        ],
        ""initialization"": [
            ""strategy = tf.distribute.MirroredStrategy(['GPU:0', 'GPU:1'])"",
            ""with strategy.scope():"",
            ""    var = tf.Variable(5.0, aggregation=tf.VariableAggregation.SUM)"",
            ""    def fn(v): return v.assign(1.0)"",
            ""    args = ()"",
            ""    kwargs = None"",
            ""    group = True"",
            ""    self = type('Mock', (object,), {})()"",
            ""    self._container_strategy = lambda: strategy"",
            ""    self._update = lambda var, fn, args, kwargs, group: 'updated'"",
            ""    self._replica_ctx_update = lambda var, fn, args, kwargs, group: 'replica updated'"",
            ""    exit = lambda x: x"",
            ""    distribution_strategy_context.get_replica_context = lambda: None"",
            ""    distribution_strategy_context._get_default_replica_context = lambda: None"",
            ""    autograph_ctx = type('Mock', (object,), {'control_status_ctx': lambda: None})()""
        ]
    },
    {
        ""imports"": [
            ""import tensorflow as tf"",
            ""from tensorflow.python.distribute import distribution_strategy_context"",
            ""from tensorflow.python.autograph import autograph""
        ],
        ""initialization"": [
            ""strategy = tf.distribute.MirroredStrategy(['GPU:0', 'GPU:1'])"",
            ""with strategy.scope():"",
            ""    var = tf.Variable(5.0, aggregation=tf.VariableAggregation.SUM)"",
            ""    def fn(v): return v.assign(1.0)"",
            ""    args = ()"",
            ""    kwargs = None"",
            ""    group = True"",
            ""    self = type('Mock', (object,), {})()"",
            ""    self._container_strategy = lambda: strategy"",
            ""    self._update = lambda var, fn, args, kwargs, group: 'updated'"",
            ""    self._replica_ctx_update = lambda var, fn, args, kwargs, group: 'replica updated'"",
            ""    exit = lambda x: x"",
            ""    distribution_strategy_context.get_replica_context = lambda: None"",
            ""    distribution_strategy_context._get_default_replica_context = lambda: None"",
            ""    autograph_ctx = type('Mock', (object,), {'control_status_ctx': lambda: None})()""
        ]
    },
    {
        ""imports"": [
            ""import tensorflow as tf"",
            ""from tensorflow.python.distribute import distribution_strategy_context"",
            ""from tensorflow.python.autograph import autograph""
        ],
        ""initialization"": [
            ""strategy = tf.distribute.MirroredStrategy(['GPU:0', 'GPU:1'])"",
            ""with strategy.scope():"",
            ""    var = tf.Variable(5.0, aggregation=tf.VariableAggregation.SUM)"",
            ""    def fn(v): return v.assign(1.0)"",
            ""    args = ()"",
            ""    kwargs = None"",
            ""    group = True"",
            ""    self = type('Mock', (object,), {})()"",
            ""    self._container_strategy = lambda: strategy"",
            ""    self._update = lambda var, fn, args, kwargs, group: 'update executed'"",
            ""    self._replica_ctx_update = lambda var, fn, args, kwargs, group: 'replica context update executed'"",
            ""    exit = lambda x: x"",
            ""    distribution_strategy_context.get_replica_context = lambda: None"",
            ""    distribution_strategy_context._get_default_replica_context = lambda: None"",
            ""    autograph_ctx = type('Mock', (object,), {'control_status_ctx': lambda: None})()""
        ]
    },
    {
        ""imports"": [
            ""import tensorflow as tf"",
            ""from tensorflow.python.distribute import distribution_strategy_context"",
            ""from tensorflow.python.autograph import autograph""
        ],
        ""initialization"": [
            ""strategy = tf.distribute.MirroredStrategy(['GPU:0', 'GPU:1'])"",
            ""with strategy.scope():"",
            ""    var = tf.Variable(5.0, aggregation=tf.VariableAggregation.SUM)"",
            ""    def fn(v): return v.assign(1.0)"",
            ""    args = ()"",
            ""    kwargs = None"",
            ""    group = True"",
            ""    self = type('Mock', (object,), {'_container_strategy': lambda: strategy, '_update': lambda var, fn, args, kwargs, group: 'updated'})()"",
            ""    self._replica_ctx_update = lambda var, fn, args, kwargs, group: 'replica updated'"",
            ""    exit = lambda x: x"",
            ""    distribution_strategy_context.get_replica_context = lambda: None"",
            ""    distribution_strategy_context._get_default_replica_context = lambda: None"",
            ""    autograph_ctx = type('Mock', (object,), {'control_status_ctx': lambda: None})()""
        ]
    },
    {
        ""imports"": [
            ""import tensorflow as tf"",
            ""from tensorflow.python.distribute import distribution_strategy_context"",
            ""from tensorflow.python.autograph import autograph""
        ],
        ""initialization"": [
            ""strategy = tf.distribute.MirroredStrategy(['GPU:0', 'GPU:1'])"",
            ""with strategy.scope():"",
            ""    var = tf.Variable(5.0, aggregation=tf.VariableAggregation.SUM)"",
            ""    def fn(v): return v.assign(1.0)"",
            ""    args = ()"",
            ""    kwargs = None"",
            ""    group = True"",
            ""    self = type('Mock', (object,), {})()"",
            ""    self._container_strategy = lambda: strategy"",
            ""    self._update = lambda var, fn, args, kwargs, group: 'updated'"",
            ""    self._replica_ctx_update = lambda var, fn, args, kwargs, group: 'replica ctx updated'"",
            ""    exit = lambda x: x"",
            ""    distribution_strategy_context.get_replica_context = lambda: None"",
            ""    distribution_strategy_context._get_default_replica_context = lambda: None"",
            ""    autograph_ctx = type('Mock', (object,), {'control_status_ctx': lambda: None})()""
        ]
    },
    {
        ""imports"": [
            ""import tensorflow as tf"",
            ""from tensorflow.python.distribute import distribution_strategy_context"",
            ""from tensorflow.python.autograph import autograph""
        ],
        ""initialization"": [
            ""strategy = tf.distribute.MirroredStrategy(['GPU:0', 'GPU:1'])"",
            ""with strategy.scope():"",
            ""    var = tf.Variable(5.0, aggregation=tf.VariableAggregation.SUM)"",
            ""    def fn(v): return v.assign(1.0)"",
            ""    args = ()"",
            ""    kwargs = None"",
            ""    group = True"",
            ""    self = type('Mock', (object,), {})()"",
            ""    self._container_strategy = lambda: strategy"",
            ""    self._update = lambda var, fn, args, kwargs, group: 'aux updated'"",
            ""    self._replica_ctx_update = lambda var, fn, args, kwargs, group: 'replica aux updated'"",
            ""    exit = lambda x: x"",
            ""    distribution_strategy_context.get_replica_context = lambda: None"",
            ""    distribution_strategy_context._get_default_replica_context = lambda: None"",
            ""    autograph_ctx = type('Mock', (object,), {'control_status_ctx': lambda: None})()""
        ]
    },
    {
        ""imports"": [
            ""import tensorflow as tf"",
            ""from tensorflow.python.distribute import distribution_strategy_context"",
            ""from tensorflow.python.autograph import autograph""
        ],
        ""initialization"": [
            ""strategy = tf.distribute.MirroredStrategy(['GPU:0', 'GPU:1'])"",
            ""with strategy.scope():"",
            ""    var = tf.Variable(5.0, aggregation=tf.VariableAggregation.SUM)"",
            ""    def fn(v): return v.assign(1.0)"",
            ""    args = ()"",
            ""    kwargs = None"",
            ""    group = True"",
            ""    self = type('Mock', (object,), {})()"",
            ""    self._container_strategy = lambda: strategy"",
            ""    self._update = lambda var, fn, args, kwargs, group: 'updated'"",
            ""    self._replica_ctx_update = lambda var, fn, args, kwargs, group: 'replica updated'"",
            ""    exit = lambda x: x"",
            ""    distribution_strategy_context.get_replica_context = lambda: None"",
            ""    distribution_strategy_context._get_default_replica_context = lambda: None"",
            ""    autograph_ctx = type('Mock', (object,), {'control_status_ctx': lambda: None})()""
        ]
    },
    {
        ""imports"": [
            ""import tensorflow as tf"",
            ""from tensorflow.python.distribute import distribution_strategy_context"",
            ""from tensorflow.python.autograph import autograph""
        ],
        ""initialization"": [
            ""strategy = tf.distribute.MirroredStrategy(['GPU:0', 'GPU:1'])"",
            ""with strategy.scope():"",
            ""    var = tf.Variable(5.0, aggregation=tf.VariableAggregation.SUM)"",
            ""    def fn(v): return v.assign(1.0)"",
            ""    args = ()"",
            ""    kwargs = None"",
            ""    group = True"",
            ""    self = type('Mock', (object,), {})()"",
            ""    self._container_strategy = lambda: strategy"",
            ""    self._update = lambda var, fn, args, kwargs, group: 'updated'"",
            ""    self._replica_ctx_update = lambda var, fn, args, kwargs, group: 'replica updated'"",
            ""    exit = lambda x: x"",
            ""    distribution_strategy_context.get_replica_context = lambda: None"",
            ""    distribution_strategy_context._get_default_replica_context = lambda: None"",
            ""    autograph_ctx = type('Mock', (object,), {'control_status_ctx': lambda: None})()""
        ]
    }
]","[
    {
        ""imports"": [
            """"
        ],
        ""initialization"": [
            """"
        ]
    },
    {
        ""imports"": [
            """"
        ],
        ""initialization"": [
            """"
        ]
    },
    {
        ""imports"": [
            """"
        ],
        ""initialization"": [
            """"
        ]
    },
    {
        ""imports"": [
            """"
        ],
        ""initialization"": [
            """"
        ]
    },
    {
        ""imports"": [
            """"
        ],
        ""initialization"": [
            """"
        ]
    },
    {
        ""imports"": [
            """"
        ],
        ""initialization"": [
            """"
        ]
    },
    {
        ""imports"": [
            """"
        ],
        ""initialization"": [
            """"
        ]
    },
    {
        ""imports"": [
            """"
        ],
        ""initialization"": [
            """"
        ]
    },
    {
        ""imports"": [
            """"
        ],
        ""initialization"": [
            """"
        ]
    },
    {
        ""imports"": [
            """"
        ],
        ""initialization"": [
            """"
        ]
    }
]",3,8674,0.004337,2750,0.004125,0.008462
"When trying to execute the code snippet with the provided imports and initialization, the lines with # uncovered are not executed.

# begin code snippet
""""""Run `fn` to update `var` using inputs mirrored to the same devices.
    `tf.distribute.StrategyExtended.update` takes a distributed variable `var`
    to be updated, an update function `fn`, and `args` and `kwargs` for `fn`. It
    applies `fn` to each component variable of `var` and passes corresponding
    values from `args` and `kwargs`. Neither `args` nor `kwargs` may contain
    per-replica values. If they contain mirrored values, they will be unwrapped
    before calling `fn`. For example, `fn` can be `assign_add` and `args` can be
    a mirrored DistributedValues where each component contains the value to be
    added to this mirrored variable `var`. Calling `update` will call
    `assign_add` on each component variable of `var` with the corresponding
    tensor value on that device.
    Example usage:
    ```python
    strategy = tf.distribute.MirroredStrategy(['GPU:0', 'GPU:1']) # With 2
    devices
    with strategy.scope():
      v = tf.Variable(5.0, aggregation=tf.VariableAggregation.SUM)
    def update_fn(v):
      return v.assign(1.0)
    result = strategy.extended.update(v, update_fn)
    # result is
    # Mirrored:{
    #  0: tf.Tensor(1.0, shape=(), dtype=float32),
    #  1: tf.Tensor(1.0, shape=(), dtype=float32)
    # }
    ```
    If `var` is mirrored across multiple devices, then this method implements
    logic as following:
    ```python
    results = {}
    for device, v in var:
      with tf.device(device):
        # args and kwargs will be unwrapped if they are mirrored.
        results[device] = fn(v, *args, **kwargs)
    return merged(results)
    ```
    Otherwise, this method returns `fn(var, *args, **kwargs)` colocated with
    `var`.
    Args:
      var: Variable, possibly mirrored to multiple devices, to operate on.
      fn: Function to call. Should take the variable as the first argument.
      args: Tuple or list. Additional positional arguments to pass to `fn()`.
      kwargs: Dict with keyword arguments to pass to `fn()`.
      group: Boolean. Defaults to True. If False, the return value will be
        unwrapped.
    Returns:
      By default, the merged return value of `fn` across all replicas.  The
      merged result has dependencies to make sure that if it is evaluated at
      all, the side effects (updates) will happen on every replica. If instead
      ""group=False"" is specified, this function will return a nest of lists
      where each list has an element per replica, and the caller is responsible
      for ensuring all elements are executed.
    """"""
# TODO(b/178944108): Update the documentation to relfect the fact that
# `update` can be called in a replica context.
if kwargs is None:
    kwargs = {}
replica_context = distribution_strategy_context.get_replica_context()
# pylint: disable=protected-access
if (replica_context is None or replica_context is # uncovered
    distribution_strategy_context._get_default_replica_context()):
    fn = autograph.tf_convert( # uncovered
        fn, autograph_ctx.control_status_ctx(), convert_by_default=False)
    with self._container_strategy().scope():
        aux = self._update(var, fn, args, kwargs, group) # uncovered
        exit(aux) # uncovered
else: # uncovered
    aux = self._replica_ctx_update( # uncovered
        var, fn, args=args, kwargs=kwargs, group=group) # uncovered
    exit(aux) # uncovered

# end code snippet

Please, provide self-contained and concrete Python modified values of the imports and initialization to execute one of the uncovered paths in the code snippet.
Respond strictly with JSON. The JSON should be compatible with the TypeScript type `Response` from the following:

```ts
interface Response {
// Python import statements needed in the initialization code. One string per import.
imports: string[];
// Python code to initialize the undefined variables and make the code snippet executable. One string per undefined variable. The statements in the code snippet above are not part of the initialization of undefined variables. Therefore, their copy or modified versions should not be added here. The values should be self-contained and concrete, i.e. without assumptions or expected replacements of any code that is not present in the code snippet. In case there are undefined attributes or methods and the attribute or method base is not initialized, initialize the attribute or method base using type(""Mock"", bases, dict), where bases is a tuple containing the base classes that the Mock object inherits from, e.g. object, and dict is a dictionary containing the initialization of the undefined attributes and methods in the code snippet.
initialization: string[];
}
```","[
    {
        ""imports"": [
            ""import tensorflow as tf"",
            ""from tensorflow.python.distribute import distribution_strategy_context"",
            ""from tensorflow.python.autograph import autograph""
        ],
        ""initialization"": [
            ""strategy = tf.distribute.MirroredStrategy(['GPU:0', 'GPU:1'])"",
            ""with strategy.scope():"",
            ""    var = tf.Variable(5.0, aggregation=tf.VariableAggregation.SUM)"",
            ""    def fn(v): return v.assign(1.0)"",
            ""    args = ()"",
            ""    kwargs = None"",
            ""    group = True"",
            ""    self = type('Mock', (object,), {})()"",
            ""    self._container_strategy = lambda: strategy"",
            ""    self._update = lambda var, fn, args, kwargs, group: 'Update executed'"",
            ""    self._replica_ctx_update = lambda var, fn, args, kwargs, group: 'Replica context update executed'"",
            ""    exit = lambda x: x"",
            ""    distribution_strategy_context.get_replica_context = lambda: None"",
            ""    distribution_strategy_context._get_default_replica_context = lambda: None"",
            ""    autograph_ctx = type('Mock', (object,), {'control_status_ctx': lambda: None})()""
        ]
    },
    {
        ""imports"": [
            ""import tensorflow as tf"",
            ""from tensorflow.python.distribute import distribution_strategy_context"",
            ""from tensorflow.python.autograph import autograph""
        ],
        ""initialization"": [
            ""strategy = tf.distribute.MirroredStrategy(['GPU:0', 'GPU:1'])"",
            ""with strategy.scope():"",
            ""    var = tf.Variable(5.0, aggregation=tf.VariableAggregation.SUM)"",
            ""    def fn(v): return v.assign(1.0)"",
            ""    args = ()"",
            ""    kwargs = None"",
            ""    group = True"",
            ""    self = type('Mock', (object,), {})()"",
            ""    self._container_strategy = lambda: strategy"",
            ""    self._update = lambda var, fn, args, kwargs, group: 'Updated'"",
            ""    self._replica_ctx_update = lambda var, fn, args, kwargs, group: 'Replica Context Updated'"",
            ""    exit = lambda x: x"",
            ""    distribution_strategy_context.get_replica_context = lambda: None"",
            ""    distribution_strategy_context._get_default_replica_context = lambda: None"",
            ""    autograph_ctx = type('Mock', (object,), {'control_status_ctx': lambda: None})()""
        ]
    },
    {
        ""imports"": [
            ""import tensorflow as tf"",
            ""from tensorflow.python.distribute import distribution_strategy_context"",
            ""from tensorflow.python.autograph import autograph""
        ],
        ""initialization"": [
            ""strategy = tf.distribute.MirroredStrategy(['GPU:0', 'GPU:1'])"",
            ""with strategy.scope():"",
            ""    var = tf.Variable(5.0, aggregation=tf.VariableAggregation.SUM)"",
            ""    def fn(v): return v.assign(1.0)"",
            ""    args = ()"",
            ""    kwargs = None"",
            ""    group = True"",
            ""    self = type('Mock', (object,), {})()"",
            ""    self._container_strategy = lambda: strategy"",
            ""    self._update = lambda var, fn, args, kwargs, group: 'update executed'"",
            ""    self._replica_ctx_update = lambda var, fn, args, kwargs, group: 'replica update executed'"",
            ""    exit = lambda x: x"",
            ""    distribution_strategy_context.get_replica_context = lambda: None"",
            ""    distribution_strategy_context._get_default_replica_context = lambda: None"",
            ""    autograph_ctx = type('Mock', (object,), {'control_status_ctx': lambda: None})()""
        ]
    },
    {
        ""imports"": [
            ""import tensorflow as tf"",
            ""from tensorflow.python.distribute import distribution_strategy_context"",
            ""from tensorflow.python.autograph import autograph""
        ],
        ""initialization"": [
            ""strategy = tf.distribute.MirroredStrategy(['GPU:0', 'GPU:1'])"",
            ""with strategy.scope():"",
            ""    var = tf.Variable(5.0, aggregation=tf.VariableAggregation.SUM)"",
            ""    def fn(v): return v.assign(1.0)"",
            ""    args = ()"",
            ""    kwargs = None"",
            ""    group = True"",
            ""    self = type('Mock', (object,), {})()"",
            ""    self._container_strategy = lambda: strategy"",
            ""    self._update = lambda var, fn, args, kwargs, group: 'update executed'"",
            ""    self._replica_ctx_update = lambda var, fn, args, kwargs, group: 'replica update executed'"",
            ""    exit = lambda x: x"",
            ""    distribution_strategy_context.get_replica_context = lambda: None"",
            ""    distribution_strategy_context._get_default_replica_context = lambda: None"",
            ""    autograph_ctx = type('Mock', (object,), {'control_status_ctx': lambda: None})()""
        ]
    },
    {
        ""imports"": [
            ""import tensorflow as tf"",
            ""from tensorflow.python.distribute import distribution_strategy_context"",
            ""from tensorflow.python.autograph import autograph""
        ],
        ""initialization"": [
            ""strategy = tf.distribute.MirroredStrategy(['GPU:0', 'GPU:1'])"",
            ""with strategy.scope():"",
            ""    var = tf.Variable(5.0, aggregation=tf.VariableAggregation.SUM)"",
            ""    def fn(v): return v.assign(1.0)"",
            ""    args = ()"",
            ""    kwargs = None"",
            ""    group = True"",
            ""    self = type('Mock', (object,), {})()"",
            ""    self._container_strategy = lambda: strategy"",
            ""    self._update = lambda var, fn, args, kwargs, group: 'update executed'"",
            ""    self._replica_ctx_update = lambda var, fn, args, kwargs, group: 'replica ctx updated'"",
            ""    exit = lambda x: x"",
            ""    distribution_strategy_context.get_replica_context = lambda: None"",
            ""    distribution_strategy_context._get_default_replica_context = lambda: None"",
            ""    autograph_ctx = type('Mock', (object,), {'control_status_ctx': lambda: None})()""
        ]
    },
    {
        ""imports"": [
            ""import tensorflow as tf"",
            ""from tensorflow.python.distribute import distribution_strategy_context"",
            ""from tensorflow.python.autograph import autograph""
        ],
        ""initialization"": [
            ""strategy = tf.distribute.MirroredStrategy(['GPU:0', 'GPU:1'])"",
            ""with strategy.scope():"",
            ""    var = tf.Variable(5.0, aggregation=tf.VariableAggregation.SUM)"",
            ""    def fn(v): return v.assign(1.0)"",
            ""    args = ()"",
            ""    kwargs = None"",
            ""    group = True"",
            ""    self = type('Mock', (object,), {})()"",
            ""    self._container_strategy = lambda: strategy"",
            ""    self._update = lambda var, fn, args, kwargs, group: 'updated'"",
            ""    self._replica_ctx_update = lambda var, fn, args, kwargs, group: 'replica updated'"",
            ""    exit = lambda x: x"",
            ""    distribution_strategy_context.get_replica_context = lambda: None"",
            ""    distribution_strategy_context._get_default_replica_context = lambda: None"",
            ""    autograph_ctx = type('Mock', (object,), {'control_status_ctx': lambda: None})()""
        ]
    },
    {
        ""imports"": [
            ""import tensorflow as tf"",
            ""from tensorflow.python.distribute import distribution_strategy_context"",
            ""from tensorflow.python.autograph import autograph""
        ],
        ""initialization"": [
            ""strategy = tf.distribute.MirroredStrategy(['GPU:0', 'GPU:1'])"",
            ""with strategy.scope():"",
            ""    var = tf.Variable(5.0, aggregation=tf.VariableAggregation.SUM)"",
            ""    def fn(v): return v.assign(1.0)"",
            ""    args = ()"",
            ""    kwargs = None"",
            ""    group = True"",
            ""    self = type('Mock', (object,), {})()"",
            ""    self._container_strategy = lambda: strategy"",
            ""    self._update = lambda var, fn, args, kwargs, group: 'updated'"",
            ""    self._replica_ctx_update = lambda var, fn, args, kwargs, group: 'replica updated'"",
            ""    exit = lambda x: x"",
            ""    distribution_strategy_context.get_replica_context = lambda: None"",
            ""    distribution_strategy_context._get_default_replica_context = lambda: None"",
            ""    autograph_ctx = type('Mock', (object,), {'control_status_ctx': lambda: None})()""
        ]
    },
    {
        ""imports"": [
            ""import tensorflow as tf"",
            ""from tensorflow.python.distribute import distribution_strategy_context"",
            ""from tensorflow.python.autograph import autograph""
        ],
        ""initialization"": [
            ""strategy = tf.distribute.MirroredStrategy(['GPU:0', 'GPU:1'])"",
            ""with strategy.scope():"",
            ""    var = tf.Variable(5.0, aggregation=tf.VariableAggregation.SUM)"",
            ""    def fn(v): return v.assign(1.0)"",
            ""    args = ()"",
            ""    kwargs = None"",
            ""    group = True"",
            ""    self = type('Mock', (object,), {})()"",
            ""    self._container_strategy = lambda: strategy"",
            ""    self._update = lambda var, fn, args, kwargs, group: 'update executed'"",
            ""    self._replica_ctx_update = lambda var, fn, args, kwargs, group: 'replica ctx update executed'"",
            ""    exit = lambda x: x"",
            ""    distribution_strategy_context.get_replica_context = lambda: None"",
            ""    distribution_strategy_context._get_default_replica_context = lambda: None"",
            ""    autograph_ctx = type('Mock', (object,), {'control_status_ctx': lambda: None})()""
        ]
    },
    {
        ""imports"": [
            ""import tensorflow as tf"",
            ""from tensorflow.python.distribute import distribution_strategy_context"",
            ""from tensorflow.python.autograph import autograph""
        ],
        ""initialization"": [
            ""strategy = tf.distribute.MirroredStrategy(['GPU:0', 'GPU:1'])"",
            ""with strategy.scope():"",
            ""    var = tf.Variable(5.0, aggregation=tf.VariableAggregation.SUM)"",
            ""    def fn(v): return v.assign(1.0)"",
            ""    args = ()"",
            ""    kwargs = None"",
            ""    group = True"",
            ""    self = type('Mock', (object,), {})()"",
            ""    self._container_strategy = lambda: strategy"",
            ""    self._update = lambda var, fn, args, kwargs, group: 'update executed'"",
            ""    self._replica_ctx_update = lambda var, fn, args, kwargs, group: 'replica ctx update executed'"",
            ""    exit = lambda x: x"",
            ""    distribution_strategy_context.get_replica_context = lambda: None"",
            ""    distribution_strategy_context._get_default_replica_context = lambda: None"",
            ""    autograph_ctx = type('Mock', (object,), {'control_status_ctx': lambda: None})()""
        ]
    },
    {
        ""imports"": [
            ""import tensorflow as tf"",
            ""from tensorflow.python.distribute import distribution_strategy_context"",
            ""from tensorflow.python.autograph import autograph""
        ],
        ""initialization"": [
            ""strategy = tf.distribute.MirroredStrategy(['GPU:0', 'GPU:1'])"",
            ""with strategy.scope():"",
            ""    var = tf.Variable(5.0, aggregation=tf.VariableAggregation.SUM)"",
            ""    def fn(v): return v.assign(1.0)"",
            ""    args = ()"",
            ""    kwargs = None"",
            ""    group = True"",
            ""    self = type('Mock', (object,), {})()"",
            ""    self._container_strategy = lambda: strategy"",
            ""    self._update = lambda var, fn, args, kwargs, group: 'updated'"",
            ""    self._replica_ctx_update = lambda var, fn, args, kwargs, group: 'replica updated'"",
            ""    exit = lambda x: x"",
            ""    distribution_strategy_context.get_replica_context = lambda: None"",
            ""    distribution_strategy_context._get_default_replica_context = lambda: None"",
            ""    autograph_ctx = type('Mock', (object,), {'control_status_ctx': lambda: None})()""
        ]
    }
]","[
    {
        ""imports"": [
            """"
        ],
        ""initialization"": [
            """"
        ]
    },
    {
        ""imports"": [
            """"
        ],
        ""initialization"": [
            """"
        ]
    },
    {
        ""imports"": [
            """"
        ],
        ""initialization"": [
            """"
        ]
    },
    {
        ""imports"": [
            """"
        ],
        ""initialization"": [
            """"
        ]
    },
    {
        ""imports"": [
            """"
        ],
        ""initialization"": [
            """"
        ]
    },
    {
        ""imports"": [
            """"
        ],
        ""initialization"": [
            """"
        ]
    },
    {
        ""imports"": [
            """"
        ],
        ""initialization"": [
            """"
        ]
    },
    {
        ""imports"": [
            """"
        ],
        ""initialization"": [
            """"
        ]
    },
    {
        ""imports"": [
            """"
        ],
        ""initialization"": [
            """"
        ]
    },
    {
        ""imports"": [
            """"
        ],
        ""initialization"": [
            """"
        ]
    }
]",3,8724,0.004362,2764,0.004146,0.008508
"When trying to execute the code snippet with the provided imports and initialization, the lines with # uncovered are not executed.

# begin code snippet
""""""Run `fn` to update `var` using inputs mirrored to the same devices.
    `tf.distribute.StrategyExtended.update` takes a distributed variable `var`
    to be updated, an update function `fn`, and `args` and `kwargs` for `fn`. It
    applies `fn` to each component variable of `var` and passes corresponding
    values from `args` and `kwargs`. Neither `args` nor `kwargs` may contain
    per-replica values. If they contain mirrored values, they will be unwrapped
    before calling `fn`. For example, `fn` can be `assign_add` and `args` can be
    a mirrored DistributedValues where each component contains the value to be
    added to this mirrored variable `var`. Calling `update` will call
    `assign_add` on each component variable of `var` with the corresponding
    tensor value on that device.
    Example usage:
    ```python
    strategy = tf.distribute.MirroredStrategy(['GPU:0', 'GPU:1']) # With 2
    devices
    with strategy.scope():
      v = tf.Variable(5.0, aggregation=tf.VariableAggregation.SUM)
    def update_fn(v):
      return v.assign(1.0)
    result = strategy.extended.update(v, update_fn)
    # result is
    # Mirrored:{
    #  0: tf.Tensor(1.0, shape=(), dtype=float32),
    #  1: tf.Tensor(1.0, shape=(), dtype=float32)
    # }
    ```
    If `var` is mirrored across multiple devices, then this method implements
    logic as following:
    ```python
    results = {}
    for device, v in var:
      with tf.device(device):
        # args and kwargs will be unwrapped if they are mirrored.
        results[device] = fn(v, *args, **kwargs)
    return merged(results)
    ```
    Otherwise, this method returns `fn(var, *args, **kwargs)` colocated with
    `var`.
    Args:
      var: Variable, possibly mirrored to multiple devices, to operate on.
      fn: Function to call. Should take the variable as the first argument.
      args: Tuple or list. Additional positional arguments to pass to `fn()`.
      kwargs: Dict with keyword arguments to pass to `fn()`.
      group: Boolean. Defaults to True. If False, the return value will be
        unwrapped.
    Returns:
      By default, the merged return value of `fn` across all replicas.  The
      merged result has dependencies to make sure that if it is evaluated at
      all, the side effects (updates) will happen on every replica. If instead
      ""group=False"" is specified, this function will return a nest of lists
      where each list has an element per replica, and the caller is responsible
      for ensuring all elements are executed.
    """"""
# TODO(b/178944108): Update the documentation to relfect the fact that
# `update` can be called in a replica context.
if kwargs is None:
    kwargs = {}
replica_context = distribution_strategy_context.get_replica_context()
# pylint: disable=protected-access
if (replica_context is None or replica_context is # uncovered
    distribution_strategy_context._get_default_replica_context()):
    fn = autograph.tf_convert( # uncovered
        fn, autograph_ctx.control_status_ctx(), convert_by_default=False)
    with self._container_strategy().scope():
        aux = self._update(var, fn, args, kwargs, group) # uncovered
        exit(aux) # uncovered
else: # uncovered
    aux = self._replica_ctx_update( # uncovered
        var, fn, args=args, kwargs=kwargs, group=group) # uncovered
    exit(aux) # uncovered

# end code snippet

Please, provide self-contained and concrete Python modified values of the imports and initialization to execute one of the uncovered paths in the code snippet.
Respond strictly with JSON. The JSON should be compatible with the TypeScript type `Response` from the following:

```ts
interface Response {
// Python import statements needed in the initialization code. One string per import.
imports: string[];
// Python code to initialize the undefined variables and make the code snippet executable. One string per undefined variable. The statements in the code snippet above are not part of the initialization of undefined variables. Therefore, their copy or modified versions should not be added here. The values should be self-contained and concrete, i.e. without assumptions or expected replacements of any code that is not present in the code snippet. In case there are undefined attributes or methods and the attribute or method base is not initialized, initialize the attribute or method base using type(""Mock"", bases, dict), where bases is a tuple containing the base classes that the Mock object inherits from, e.g. object, and dict is a dictionary containing the initialization of the undefined attributes and methods in the code snippet.
initialization: string[];
}
```","[
    {
        ""imports"": [
            ""import tensorflow as tf"",
            ""from tensorflow.python.distribute import distribution_strategy_context"",
            ""from tensorflow.python.autograph import autograph""
        ],
        ""initialization"": [
            ""strategy = tf.distribute.MirroredStrategy(['GPU:0', 'GPU:1'])"",
            ""with strategy.scope():"",
            ""    var = tf.Variable(5.0, aggregation=tf.VariableAggregation.SUM)"",
            ""    def fn(v): return v.assign(1.0)"",
            ""    args = ()"",
            ""    kwargs = None"",
            ""    group = True"",
            ""    self = type('Mock', (object,), {})()"",
            ""    self._container_strategy = lambda: strategy"",
            ""    self._update = lambda var, fn, args, kwargs, group: 'Update executed'"",
            ""    self._replica_ctx_update = lambda var, fn, args, kwargs, group: 'Replica context update executed'"",
            ""    exit = lambda x: x"",
            ""    distribution_strategy_context.get_replica_context = lambda: None"",
            ""    distribution_strategy_context._get_default_replica_context = lambda: None"",
            ""    autograph_ctx = type('Mock', (object,), {'control_status_ctx': lambda: None})()""
        ]
    },
    {
        ""imports"": [
            ""import tensorflow as tf"",
            ""from tensorflow.python.distribute import distribution_strategy_context"",
            ""from tensorflow.python.autograph import autograph""
        ],
        ""initialization"": [
            ""strategy = tf.distribute.MirroredStrategy(['GPU:0', 'GPU:1'])"",
            ""with strategy.scope():"",
            ""    var = tf.Variable(5.0, aggregation=tf.VariableAggregation.SUM)"",
            ""    def fn(v): return v.assign(1.0)"",
            ""    args = ()"",
            ""    kwargs = None"",
            ""    group = True"",
            ""    self = type('Mock', (object,), {})()"",
            ""    self._container_strategy = lambda: strategy"",
            ""    self._update = lambda var, fn, args, kwargs, group: 'Updates applied'"",
            ""    self._replica_ctx_update = lambda var, fn, args, kwargs, group: 'Replica update executed'"",
            ""    exit = lambda x: x"",
            ""    distribution_strategy_context.get_replica_context = lambda: None"",
            ""    distribution_strategy_context._get_default_replica_context = lambda: None"",
            ""    autograph_ctx = type('Mock', (object,), {'control_status_ctx': lambda: None})()""
        ]
    },
    {
        ""imports"": [
            ""import tensorflow as tf"",
            ""from tensorflow.python.distribute import distribution_strategy_context"",
            ""from tensorflow.python.autograph import autograph""
        ],
        ""initialization"": [
            ""strategy = tf.distribute.MirroredStrategy(['GPU:0', 'GPU:1'])"",
            ""with strategy.scope():"",
            ""    var = tf.Variable(5.0, aggregation=tf.VariableAggregation.SUM)"",
            ""    def fn(v): return v.assign(1.0)"",
            ""    args = ()"",
            ""    kwargs = None"",
            ""    group = True"",
            ""    self = type('Mock', (object,), {})()"",
            ""    self._container_strategy = lambda: strategy"",
            ""    self._update = lambda var, fn, args, kwargs, group: 'Update executed'"",
            ""    self._replica_ctx_update = lambda var, fn, args, kwargs, group: 'Replica context update executed'"",
            ""    exit = lambda x: x"",
            ""    distribution_strategy_context.get_replica_context = lambda: None"",
            ""    distribution_strategy_context._get_default_replica_context = lambda: None"",
            ""    autograph_ctx = type('Mock', (object,), {'control_status_ctx': lambda: None})()""
        ]
    },
    {
        ""imports"": [
            ""import tensorflow as tf"",
            ""from tensorflow.python.distribute import distribution_strategy_context"",
            ""from tensorflow.python.autograph import autograph""
        ],
        ""initialization"": [
            ""strategy = tf.distribute.MirroredStrategy(['GPU:0', 'GPU:1'])"",
            ""with strategy.scope():"",
            ""    var = tf.Variable(5.0, aggregation=tf.VariableAggregation.SUM)"",
            ""    def fn(v): return v.assign(1.0)"",
            ""    args = ()"",
            ""    kwargs = None"",
            ""    group = True"",
            ""    self = type('Mock', (object,), {})()"",
            ""    self._container_strategy = lambda: strategy"",
            ""    self._update = lambda var, fn, args, kwargs, group: 'updated'"",
            ""    self._replica_ctx_update = lambda var, fn, args, kwargs, group: 'replica updated'"",
            ""    exit = lambda x: x"",
            ""    distribution_strategy_context.get_replica_context = lambda: None"",
            ""    distribution_strategy_context._get_default_replica_context = lambda: None"",
            ""    autograph_ctx = type('Mock', (object,), {'control_status_ctx': lambda: None})()""
        ]
    },
    {
        ""imports"": [
            ""import tensorflow as tf"",
            ""from tensorflow.python.distribute import distribution_strategy_context"",
            ""from tensorflow.python.autograph import autograph""
        ],
        ""initialization"": [
            ""strategy = tf.distribute.MirroredStrategy(['GPU:0', 'GPU:1'])"",
            ""with strategy.scope():"",
            ""    var = tf.Variable(5.0, aggregation=tf.VariableAggregation.SUM)"",
            ""    def fn(v): return v.assign(1.0)"",
            ""    args = ()"",
            ""    kwargs = None"",
            ""    group = True"",
            ""    self = type('Mock', (object,), {})()"",
            ""    self._container_strategy = lambda: strategy"",
            ""    self._update = lambda var, fn, args, kwargs, group: 'update executed'"",
            ""    self._replica_ctx_update = lambda var, fn, args, kwargs, group: 'replica update executed'"",
            ""    exit = lambda x: x"",
            ""    distribution_strategy_context.get_replica_context = lambda: None"",
            ""    distribution_strategy_context._get_default_replica_context = lambda: None"",
            ""    autograph_ctx = type('Mock', (object,), {'control_status_ctx': lambda: None})()""
        ]
    },
    {
        ""imports"": [
            ""import tensorflow as tf"",
            ""from tensorflow.python.distribute import distribution_strategy_context"",
            ""from tensorflow.python.autograph import autograph""
        ],
        ""initialization"": [
            ""strategy = tf.distribute.MirroredStrategy(['GPU:0', 'GPU:1'])"",
            ""with strategy.scope():"",
            ""    var = tf.Variable(5.0, aggregation=tf.VariableAggregation.SUM)"",
            ""    def fn(v): return v.assign(1.0)"",
            ""    args = ()"",
            ""    kwargs = None"",
            ""    group = True"",
            ""    self = type('Mock', (object,), {})()"",
            ""    self._container_strategy = lambda: strategy"",
            ""    self._update = lambda var, fn, args, kwargs, group: 'updated'"",
            ""    self._replica_ctx_update = lambda var, fn, args, kwargs, group: 'replica updated'"",
            ""    exit = lambda x: x"",
            ""    distribution_strategy_context.get_replica_context = lambda: None"",
            ""    distribution_strategy_context._get_default_replica_context = lambda: None"",
            ""    autograph_ctx = type('Mock', (object,), {'control_status_ctx': lambda: None})()""
        ]
    },
    {
        ""imports"": [
            ""import tensorflow as tf"",
            ""from tensorflow.python.distribute import distribution_strategy_context"",
            ""from tensorflow.python.autograph import autograph""
        ],
        ""initialization"": [
            ""strategy = tf.distribute.MirroredStrategy(['GPU:0', 'GPU:1'])"",
            ""with strategy.scope():"",
            ""    var = tf.Variable(5.0, aggregation=tf.VariableAggregation.SUM)"",
            ""    def fn(v): return v.assign(1.0)"",
            ""    args = ()"",
            ""    kwargs = None"",
            ""    group = True"",
            ""    self = type('Mock', (object,), {})()"",
            ""    self._container_strategy = lambda: strategy"",
            ""    self._update = lambda var, fn, args, kwargs, group: 'update executed'"",
            ""    self._replica_ctx_update = lambda var, fn, args, kwargs, group: 'replica update executed'"",
            ""    exit = lambda x: x"",
            ""    distribution_strategy_context.get_replica_context = lambda: None"",
            ""    distribution_strategy_context._get_default_replica_context = lambda: None"",
            ""    autograph_ctx = type('Mock', (object,), {'control_status_ctx': lambda: None})()""
        ]
    },
    {
        ""imports"": [
            ""import tensorflow as tf"",
            ""from tensorflow.python.distribute import distribution_strategy_context"",
            ""from tensorflow.python.autograph import autograph""
        ],
        ""initialization"": [
            ""strategy = tf.distribute.MirroredStrategy(['GPU:0', 'GPU:1'])"",
            ""with strategy.scope():"",
            ""    var = tf.Variable(5.0, aggregation=tf.VariableAggregation.SUM)"",
            ""    def fn(v): return v.assign(1.0)"",
            ""    args = ()"",
            ""    kwargs = None"",
            ""    group = True"",
            ""    self = type('Mock', (object,), {})()"",
            ""    self._container_strategy = lambda: strategy"",
            ""    self._update = lambda var, fn, args, kwargs, group: 'update executed'"",
            ""    self._replica_ctx_update = lambda var, fn, args, kwargs, group: 'replica update executed'"",
            ""    exit = lambda x: x"",
            ""    distribution_strategy_context.get_replica_context = lambda: None"",
            ""    distribution_strategy_context._get_default_replica_context = lambda: None"",
            ""    autograph_ctx = type('Mock', (object,), {'control_status_ctx': lambda: None})()""
        ]
    },
    {
        ""imports"": [
            ""import tensorflow as tf"",
            ""from tensorflow.python.distribute import distribution_strategy_context"",
            ""from tensorflow.python.autograph import autograph""
        ],
        ""initialization"": [
            ""strategy = tf.distribute.MirroredStrategy(['GPU:0', 'GPU:1'])"",
            ""with strategy.scope():"",
            ""    var = tf.Variable(5.0, aggregation=tf.VariableAggregation.SUM)"",
            ""    def fn(v): return v.assign(1.0)"",
            ""    args = ()"",
            ""    kwargs = None"",
            ""    group = True"",
            ""    self = type('Mock', (object,), {})()"",
            ""    self._container_strategy = lambda: strategy"",
            ""    self._update = lambda var, fn, args, kwargs, group: 'update executed'"",
            ""    self._replica_ctx_update = lambda var, fn, args, kwargs, group: 'replica ctx update executed'"",
            ""    exit = lambda x: x"",
            ""    distribution_strategy_context.get_replica_context = lambda: None"",
            ""    distribution_strategy_context._get_default_replica_context = lambda: None"",
            ""    autograph_ctx = type('Mock', (object,), {'control_status_ctx': lambda: None})()""
        ]
    },
    {
        ""imports"": [
            ""import tensorflow as tf"",
            ""from tensorflow.python.distribute import distribution_strategy_context"",
            ""from tensorflow.python.autograph import autograph""
        ],
        ""initialization"": [
            ""strategy = tf.distribute.MirroredStrategy(['GPU:0', 'GPU:1'])"",
            ""with strategy.scope():"",
            ""    var = tf.Variable(5.0, aggregation=tf.VariableAggregation.SUM)"",
            ""    def fn(v): return v.assign(1.0)"",
            ""    args = ()"",
            ""    kwargs = None"",
            ""    group = True"",
            ""    self = type('Mock', (object,), {})()"",
            ""    self._container_strategy = lambda: strategy"",
            ""    self._update = lambda var, fn, args, kwargs, group: 'update called'"",
            ""    self._replica_ctx_update = lambda var, fn, args, kwargs, group: 'replica update called'"",
            ""    exit = lambda x: x"",
            ""    distribution_strategy_context.get_replica_context = lambda: None"",
            ""    distribution_strategy_context._get_default_replica_context = lambda: None"",
            ""    autograph_ctx = type('Mock', (object,), {'control_status_ctx': lambda: None})()""
        ]
    }
]","[
    {
        ""imports"": [
            """"
        ],
        ""initialization"": [
            """"
        ]
    },
    {
        ""imports"": [
            """"
        ],
        ""initialization"": [
            """"
        ]
    },
    {
        ""imports"": [
            """"
        ],
        ""initialization"": [
            """"
        ]
    },
    {
        ""imports"": [
            """"
        ],
        ""initialization"": [
            """"
        ]
    },
    {
        ""imports"": [
            """"
        ],
        ""initialization"": [
            """"
        ]
    },
    {
        ""imports"": [
            """"
        ],
        ""initialization"": [
            """"
        ]
    },
    {
        ""imports"": [
            """"
        ],
        ""initialization"": [
            """"
        ]
    },
    {
        ""imports"": [
            """"
        ],
        ""initialization"": [
            """"
        ]
    },
    {
        ""imports"": [
            """"
        ],
        ""initialization"": [
            """"
        ]
    },
    {
        ""imports"": [
            """"
        ],
        ""initialization"": [
            """"
        ]
    }
]",3,8783,0.0043915,2766,0.004149,0.0085405
"When trying to execute the code snippet with the provided imports and initialization, the lines with # uncovered are not executed.

# begin code snippet
""""""Run `fn` to update `var` using inputs mirrored to the same devices.
    `tf.distribute.StrategyExtended.update` takes a distributed variable `var`
    to be updated, an update function `fn`, and `args` and `kwargs` for `fn`. It
    applies `fn` to each component variable of `var` and passes corresponding
    values from `args` and `kwargs`. Neither `args` nor `kwargs` may contain
    per-replica values. If they contain mirrored values, they will be unwrapped
    before calling `fn`. For example, `fn` can be `assign_add` and `args` can be
    a mirrored DistributedValues where each component contains the value to be
    added to this mirrored variable `var`. Calling `update` will call
    `assign_add` on each component variable of `var` with the corresponding
    tensor value on that device.
    Example usage:
    ```python
    strategy = tf.distribute.MirroredStrategy(['GPU:0', 'GPU:1']) # With 2
    devices
    with strategy.scope():
      v = tf.Variable(5.0, aggregation=tf.VariableAggregation.SUM)
    def update_fn(v):
      return v.assign(1.0)
    result = strategy.extended.update(v, update_fn)
    # result is
    # Mirrored:{
    #  0: tf.Tensor(1.0, shape=(), dtype=float32),
    #  1: tf.Tensor(1.0, shape=(), dtype=float32)
    # }
    ```
    If `var` is mirrored across multiple devices, then this method implements
    logic as following:
    ```python
    results = {}
    for device, v in var:
      with tf.device(device):
        # args and kwargs will be unwrapped if they are mirrored.
        results[device] = fn(v, *args, **kwargs)
    return merged(results)
    ```
    Otherwise, this method returns `fn(var, *args, **kwargs)` colocated with
    `var`.
    Args:
      var: Variable, possibly mirrored to multiple devices, to operate on.
      fn: Function to call. Should take the variable as the first argument.
      args: Tuple or list. Additional positional arguments to pass to `fn()`.
      kwargs: Dict with keyword arguments to pass to `fn()`.
      group: Boolean. Defaults to True. If False, the return value will be
        unwrapped.
    Returns:
      By default, the merged return value of `fn` across all replicas.  The
      merged result has dependencies to make sure that if it is evaluated at
      all, the side effects (updates) will happen on every replica. If instead
      ""group=False"" is specified, this function will return a nest of lists
      where each list has an element per replica, and the caller is responsible
      for ensuring all elements are executed.
    """"""
# TODO(b/178944108): Update the documentation to relfect the fact that
# `update` can be called in a replica context.
if kwargs is None:
    kwargs = {}
replica_context = distribution_strategy_context.get_replica_context()
# pylint: disable=protected-access
if (replica_context is None or replica_context is # uncovered
    distribution_strategy_context._get_default_replica_context()):
    fn = autograph.tf_convert( # uncovered
        fn, autograph_ctx.control_status_ctx(), convert_by_default=False)
    with self._container_strategy().scope():
        aux = self._update(var, fn, args, kwargs, group) # uncovered
        exit(aux) # uncovered
else: # uncovered
    aux = self._replica_ctx_update( # uncovered
        var, fn, args=args, kwargs=kwargs, group=group) # uncovered
    exit(aux) # uncovered

# end code snippet

Please, provide self-contained and concrete Python modified values of the imports and initialization to execute one of the uncovered paths in the code snippet.
Respond strictly with JSON. The JSON should be compatible with the TypeScript type `Response` from the following:

```ts
interface Response {
// Python import statements needed in the initialization code. One string per import.
imports: string[];
// Python code to initialize the undefined variables and make the code snippet executable. One string per undefined variable. The statements in the code snippet above are not part of the initialization of undefined variables. Therefore, their copy or modified versions should not be added here. The values should be self-contained and concrete, i.e. without assumptions or expected replacements of any code that is not present in the code snippet. In case there are undefined attributes or methods and the attribute or method base is not initialized, initialize the attribute or method base using type(""Mock"", bases, dict), where bases is a tuple containing the base classes that the Mock object inherits from, e.g. object, and dict is a dictionary containing the initialization of the undefined attributes and methods in the code snippet.
initialization: string[];
}
```","[
    {
        ""imports"": [
            ""import tensorflow as tf"",
            ""from tensorflow.python.distribute import distribution_strategy_context"",
            ""from tensorflow.python.autograph import autograph""
        ],
        ""initialization"": [
            ""strategy = tf.distribute.MirroredStrategy(['GPU:0', 'GPU:1'])"",
            ""with strategy.scope():"",
            ""    var = tf.Variable(5.0, aggregation=tf.VariableAggregation.SUM)"",
            ""    def fn(v): return v.assign(1.0)"",
            ""    args = ()"",
            ""    kwargs = None"",
            ""    group = True"",
            ""    self = type('Mock', (object,), {})()"",
            ""    self._container_strategy = lambda: strategy"",
            ""    self._update = lambda var, fn, args, kwargs, group: 'Update performed'"",
            ""    self._replica_ctx_update = lambda var, fn, args, kwargs, group: 'Replica update performed'"",
            ""    exit = lambda x: x"",
            ""    distribution_strategy_context.get_replica_context = lambda: None"",
            ""    distribution_strategy_context._get_default_replica_context = lambda: None"",
            ""    autograph_ctx = type('Mock', (object,), {'control_status_ctx': lambda: None})()""
        ]
    },
    {
        ""imports"": [
            ""import tensorflow as tf"",
            ""from tensorflow.python.distribute import distribution_strategy_context"",
            ""from tensorflow.python.autograph import autograph""
        ],
        ""initialization"": [
            ""strategy = tf.distribute.MirroredStrategy(['GPU:0', 'GPU:1'])"",
            ""with strategy.scope():"",
            ""    var = tf.Variable(5.0, aggregation=tf.VariableAggregation.SUM)"",
            ""    def fn(v): return v.assign(1.0)"",
            ""    args = ()"",
            ""    kwargs = None"",
            ""    group = True"",
            ""    self = type('Mock', (object,), {})()"",
            ""    self._container_strategy = lambda: strategy"",
            ""    self._update = lambda var, fn, args, kwargs, group: 'update executed'"",
            ""    self._replica_ctx_update = lambda var, fn, args, kwargs, group: 'replica ctx updated'"",
            ""    exit = lambda x: x"",
            ""    distribution_strategy_context.get_replica_context = lambda: None"",
            ""    distribution_strategy_context._get_default_replica_context = lambda: None"",
            ""    autograph_ctx = type('Mock', (object,), {'control_status_ctx': lambda: None})()""
        ]
    },
    {
        ""imports"": [
            ""import tensorflow as tf"",
            ""from tensorflow.python.distribute import distribution_strategy_context"",
            ""from tensorflow.python.autograph import autograph""
        ],
        ""initialization"": [
            ""strategy = tf.distribute.MirroredStrategy(['GPU:0', 'GPU:1'])"",
            ""with strategy.scope():"",
            ""    var = tf.Variable(5.0, aggregation=tf.VariableAggregation.SUM)"",
            ""    def fn(v): return v.assign(1.0)"",
            ""    args = ()"",
            ""    kwargs = None"",
            ""    group = True"",
            ""    self = type('Mock', (object,), {})()"",
            ""    self._container_strategy = lambda: strategy"",
            ""    self._update = lambda var, fn, args, kwargs, group: 'update executed'"",
            ""    self._replica_ctx_update = lambda var, fn, args, kwargs, group: 'replica context update executed'"",
            ""    exit = lambda x: x"",
            ""    distribution_strategy_context.get_replica_context = lambda: None"",
            ""    distribution_strategy_context._get_default_replica_context = lambda: None"",
            ""    autograph_ctx = type('Mock', (object,), {'control_status_ctx': lambda: None})()""
        ]
    },
    {
        ""imports"": [
            ""import tensorflow as tf"",
            ""from tensorflow.python.distribute import distribution_strategy_context"",
            ""from tensorflow.python.autograph import autograph""
        ],
        ""initialization"": [
            ""strategy = tf.distribute.MirroredStrategy(['GPU:0', 'GPU:1'])"",
            ""with strategy.scope():"",
            ""    var = tf.Variable(5.0, aggregation=tf.VariableAggregation.SUM)"",
            ""    def fn(v): return v.assign(1.0)"",
            ""    args = ()"",
            ""    kwargs = None"",
            ""    group = True"",
            ""    self = type('Mock', (object,), {})()"",
            ""    self._container_strategy = lambda: strategy"",
            ""    self._update = lambda var, fn, args, kwargs, group: 'Updated'"",
            ""    self._replica_ctx_update = lambda var, fn, args, kwargs, group: 'Replica Updated'"",
            ""    exit = lambda x: x"",
            ""    distribution_strategy_context.get_replica_context = lambda: None"",
            ""    distribution_strategy_context._get_default_replica_context = lambda: None"",
            ""    autograph_ctx = type('Mock', (object,), {'control_status_ctx': lambda: None})()""
        ]
    },
    {
        ""imports"": [
            ""import tensorflow as tf"",
            ""from tensorflow.python.distribute import distribution_strategy_context"",
            ""from tensorflow.python.autograph import autograph""
        ],
        ""initialization"": [
            ""strategy = tf.distribute.MirroredStrategy(['GPU:0', 'GPU:1'])"",
            ""with strategy.scope():"",
            ""    var = tf.Variable(5.0, aggregation=tf.VariableAggregation.SUM)"",
            ""    def fn(v): return v.assign(1.0)"",
            ""    args = ()"",
            ""    kwargs = None"",
            ""    group = True"",
            ""    self = type('Mock', (object,), {})()"",
            ""    self._container_strategy = lambda: strategy"",
            ""    self._update = lambda var, fn, args, kwargs, group: 'Update executed'"",
            ""    self._replica_ctx_update = lambda var, fn, args, kwargs, group: 'Replica context updated'"",
            ""    exit = lambda x: x"",
            ""    distribution_strategy_context.get_replica_context = lambda: None"",
            ""    distribution_strategy_context._get_default_replica_context = lambda: None"",
            ""    autograph_ctx = type('Mock', (object,), {'control_status_ctx': lambda: None})()""
        ]
    },
    {
        ""imports"": [
            ""import tensorflow as tf"",
            ""from tensorflow.python.distribute import distribution_strategy_context"",
            ""from tensorflow.python.autograph import autograph""
        ],
        ""initialization"": [
            ""strategy = tf.distribute.MirroredStrategy(['GPU:0', 'GPU:1'])"",
            ""with strategy.scope():"",
            ""    var = tf.Variable(5.0, aggregation=tf.VariableAggregation.SUM)"",
            ""    def fn(v): return v.assign(1.0)"",
            ""    args = ()"",
            ""    kwargs = None"",
            ""    group = True"",
            ""    self = type('Mock', (object,), {})()"",
            ""    self._container_strategy = lambda: strategy"",
            ""    self._update = lambda var, fn, args, kwargs, group: 'update applied'"",
            ""    self._replica_ctx_update = lambda var, fn, args, kwargs, group: 'replica context updated'"",
            ""    exit = lambda x: x"",
            ""    distribution_strategy_context.get_replica_context = lambda: None"",
            ""    distribution_strategy_context._get_default_replica_context = lambda: None"",
            ""    autograph_ctx = type('Mock', (object,), {'control_status_ctx': lambda: None})()""
        ]
    },
    {
        ""imports"": [
            ""import tensorflow as tf"",
            ""from tensorflow.python.distribute import distribution_strategy_context"",
            ""from tensorflow.python.autograph import autograph""
        ],
        ""initialization"": [
            ""strategy = tf.distribute.MirroredStrategy(['GPU:0', 'GPU:1'])"",
            ""with strategy.scope():"",
            ""    var = tf.Variable(5.0, aggregation=tf.VariableAggregation.SUM)"",
            ""    def fn(v): return v.assign(1.0)"",
            ""    args = ()"",
            ""    kwargs = None"",
            ""    group = True"",
            ""    self = type('Mock', (object,), {})()"",
            ""    self._container_strategy = lambda: strategy"",
            ""    self._update = lambda var, fn, args, kwargs, group: 'Update executed'"",
            ""    self._replica_ctx_update = lambda var, fn, args, kwargs, group: 'Replica context update executed'"",
            ""    exit = lambda x: x"",
            ""    distribution_strategy_context.get_replica_context = lambda: None"",
            ""    distribution_strategy_context._get_default_replica_context = lambda: None"",
            ""    autograph_ctx = type('Mock', (object,), {'control_status_ctx': lambda: None})()""
        ]
    },
    {
        ""imports"": [
            ""import tensorflow as tf"",
            ""from tensorflow.python.distribute import distribution_strategy_context"",
            ""from tensorflow.python.autograph import autograph""
        ],
        ""initialization"": [
            ""strategy = tf.distribute.MirroredStrategy(['GPU:0', 'GPU:1'])"",
            ""with strategy.scope():"",
            ""    var = tf.Variable(5.0, aggregation=tf.VariableAggregation.SUM)"",
            ""    def fn(v): return v.assign(1.0)"",
            ""    args = ()"",
            ""    kwargs = None"",
            ""    group = True"",
            ""    self = type('Mock', (object,), {})()"",
            ""    self._container_strategy = lambda: strategy"",
            ""    self._update = lambda var, fn, args, kwargs, group: 'Update executed'"",
            ""    self._replica_ctx_update = lambda var, fn, args, kwargs, group: 'Replica context update executed'"",
            ""    exit = lambda x: x"",
            ""    distribution_strategy_context.get_replica_context = lambda: None"",
            ""    distribution_strategy_context._get_default_replica_context = lambda: None"",
            ""    autograph_ctx = type('Mock', (object,), {'control_status_ctx': lambda: None})()""
        ]
    },
    {
        ""imports"": [
            ""import tensorflow as tf"",
            ""from tensorflow.python.distribute import distribution_strategy_context"",
            ""from tensorflow.python.autograph import autograph""
        ],
        ""initialization"": [
            ""strategy = tf.distribute.MirroredStrategy(['GPU:0', 'GPU:1'])"",
            ""with strategy.scope():"",
            ""    var = tf.Variable(5.0, aggregation=tf.VariableAggregation.SUM)"",
            ""    def fn(v): return v.assign(1.0)"",
            ""    args = ()"",
            ""    kwargs = None"",
            ""    group = True"",
            ""    self = type('Mock', (object,), {})()"",
            ""    self._container_strategy = lambda: strategy"",
            ""    self._update = lambda var, fn, args, kwargs, group: 'Update executed'"",
            ""    self._replica_ctx_update = lambda var, fn, args, kwargs, group: 'Replica Context Update executed'"",
            ""    exit = lambda x: x"",
            ""    distribution_strategy_context.get_replica_context = lambda: None"",
            ""    distribution_strategy_context._get_default_replica_context = lambda: None"",
            ""    autograph_ctx = type('Mock', (object,), {'control_status_ctx': lambda: None})()""
        ]
    },
    {
        ""imports"": [
            ""import tensorflow as tf"",
            ""from tensorflow.python.distribute import distribution_strategy_context"",
            ""from tensorflow.python.autograph import autograph""
        ],
        ""initialization"": [
            ""strategy = tf.distribute.MirroredStrategy(['GPU:0', 'GPU:1'])"",
            ""with strategy.scope():"",
            ""    var = tf.Variable(5.0, aggregation=tf.VariableAggregation.SUM)"",
            ""    def fn(v): return v.assign(1.0)"",
            ""    args = ()"",
            ""    kwargs = None"",
            ""    group = True"",
            ""    self = type('Mock', (object,), {})()"",
            ""    self._container_strategy = lambda: strategy"",
            ""    self._update = lambda var, fn, args, kwargs, group: 'Update executed'"",
            ""    self._replica_ctx_update = lambda var, fn, args, kwargs, group: 'Replica context update executed'"",
            ""    exit = lambda x: x"",
            ""    distribution_strategy_context.get_replica_context = lambda: None"",
            ""    distribution_strategy_context._get_default_replica_context = lambda: None"",
            ""    autograph_ctx = type('Mock', (object,), {'control_status_ctx': lambda: None})()""
        ]
    }
]","[
    {
        ""imports"": [
            """"
        ],
        ""initialization"": [
            """"
        ]
    },
    {
        ""imports"": [
            """"
        ],
        ""initialization"": [
            """"
        ]
    },
    {
        ""imports"": [
            """"
        ],
        ""initialization"": [
            """"
        ]
    },
    {
        ""imports"": [
            """"
        ],
        ""initialization"": [
            """"
        ]
    },
    {
        ""imports"": [
            """"
        ],
        ""initialization"": [
            """"
        ]
    },
    {
        ""imports"": [
            """"
        ],
        ""initialization"": [
            """"
        ]
    },
    {
        ""imports"": [
            """"
        ],
        ""initialization"": [
            """"
        ]
    },
    {
        ""imports"": [
            """"
        ],
        ""initialization"": [
            """"
        ]
    },
    {
        ""imports"": [
            """"
        ],
        ""initialization"": [
            """"
        ]
    },
    {
        ""imports"": [
            """"
        ],
        ""initialization"": [
            """"
        ]
    }
]",3,8799,0.0043995,2766,0.004149,0.0085485
