prompt,raw_predictions,predictions,prompt_type,input_size,input_price,output_size,output_price,total_price
"Provide self-contained and concrete Python values to initialize the undefined variables in the code snippet.

# begin code snippet
#: Optionally the import path for the Flask application.
self.app_import_path = app_import_path
#: Optionally a function that is passed the script info to create
#: the instance of the application.
self.create_app = create_app
#: A dictionary with arbitrary data that can be associated with
#: this script info.
self.data: t.Dict[t.Any, t.Any] = {}
self.set_debug_flag = set_debug_flag
self._loaded_app: Flask | None = None

# end code snippet

# begin undefined variables
self
app_import_path
create_app
t
set_debug_flag
Flask
# end undefined variables

# begin undefined attributes and methods
self.app_import_path
self.create_app
self.data
t.Dict
t.Any
self.set_debug_flag
self._loaded_app
# end undefined attributes and methods

Respond strictly with JSON. The JSON should be compatible with the TypeScript type `Response` from the following:

```ts
interface Response {
// Python import statements needed in the initialization code. One string per import.
imports: string[];
// Python code to initialize the undefined variables and make the code snippet executable. One string per undefined variable. The statements in the code snippet above are not part of the initialization of undefined variables. Therefore, their copy or modified versions should not be added here. The values should be self-contained and concrete, i.e. without assumptions or expected replacements of any code that is not present in the code snippet. In case there are undefined attributes or methods and the attribute or method base is not initialized, initialize the attribute or method base using type(""Mock"", bases, dict), where bases is a tuple containing the base classes that the Mock object inherits from, e.g. object, and dict is a dictionary containing the initialization of the undefined attributes and methods in the code snippet.
initialization: string[];
}
```","[
    {
        ""imports"": [
            ""from flask import Flask"",
            ""import typing as t""
        ],
        ""initialization"": [
            ""self = type('Mock', (object,), {})()"",
            ""app_import_path = ''"",
            ""create_app = lambda x: Flask(__name__)"",
            ""t = type('Mock', (object,), {'Dict': dict, 'Any': type('Mock', (object,), {})})()"",
            ""set_debug_flag = False""
        ]
    },
    {
        ""imports"": [
            ""import typing as t"",
            ""from flask import Flask""
        ],
        ""initialization"": [
            ""self = type('Mock', (object,), {})()"",
            ""app_import_path = ''"",
            ""create_app = lambda script_info: Flask(__name__)"",
            ""t = type('Mock', (object,), {'Dict': dict, 'Any': object})"",
            ""self.set_debug_flag = False""
        ]
    },
    {
        ""imports"": [
            ""from flask import Flask"",
            ""import typing as t""
        ],
        ""initialization"": [
            ""self = type('Mock', (object,), {})()"",
            ""app_import_path = 'my_flask_app'"",
            ""create_app = lambda script_info: Flask(__name__)"",
            ""t = type('Mock', (object,), {'Dict': dict, 'Any': object})"",
            ""set_debug_flag = True""
        ]
    },
    {
        ""imports"": [
            ""from flask import Flask"",
            ""import typing as t""
        ],
        ""initialization"": [
            ""self = type('Mock', (object,), {'app_import_path': None, 'create_app': None, 'data': {}, 'set_debug_flag': None, '_loaded_app': None})()"",
            ""app_import_path = 'my_flask_app'"",
            ""create_app = lambda script_info: Flask(__name__)"",
            ""t = type('Mock', (object,), {'Dict': dict, 'Any': object})()"",
            ""set_debug_flag = lambda: None""
        ]
    },
    {
        ""imports"": [
            ""from typing import Any, Dict"",
            ""from flask import Flask""
        ],
        ""initialization"": [
            ""self = type('Mock', (object,), {'app_import_path': None, 'create_app': None, 'data': {}, 'set_debug_flag': None, '_loaded_app': None})()"",
            ""app_import_path = 'my_flask_app.app'"",
            ""create_app = lambda script_info: Flask(__name__)"",
            ""t = type('Mock', (object,), {'Dict': Dict, 'Any': Any})"",
            ""set_debug_flag = True""
        ]
    },
    {
        ""imports"": [
            ""from flask import Flask"",
            ""import typing as t""
        ],
        ""initialization"": [
            ""self = type('MockSelf', (object,), {"",
            ""    'app_import_path': None,"",
            ""    'create_app': lambda script_info: Flask(__name__),"",
            ""    'data': {},"",
            ""    'set_debug_flag': False,"",
            ""    '_loaded_app': None"",
            ""})()"",
            ""app_import_path = None"",
            ""create_app = lambda script_info: Flask(__name__)"",
            ""t = __import__('typing')"",
            ""set_debug_flag = False"",
            ""Flask = __import__('flask').Flask""
        ]
    },
    {
        ""imports"": [
            ""import typing as t"",
            ""from flask import Flask""
        ],
        ""initialization"": [
            ""self = type('Mock', (object,), {})()"",
            ""app_import_path = 'my_flask_app'"",
            ""create_app = lambda script_info: Flask(__name__)"",
            ""self.set_debug_flag = True""
        ]
    },
    {
        ""imports"": [
            ""from flask import Flask"",
            ""import typing as t""
        ],
        ""initialization"": [
            ""self = type('Mock', (object,), {'app_import_path': None, 'create_app': None, 'data': {}, 'set_debug_flag': None, '_loaded_app': None})()"",
            ""app_import_path = 'my_flask_app'"",
            ""create_app = lambda script_info: Flask(__name__)"",
            ""t = __import__('typing')"",
            ""set_debug_flag = True"",
            ""Flask = __import__('flask').Flask""
        ]
    },
    {
        ""imports"": [
            ""from flask import Flask"",
            ""import typing as t""
        ],
        ""initialization"": [
            ""self = type('Mock', (object,), {})()"",
            ""app_import_path = ''"",
            ""create_app = lambda script_info: Flask(__name__)"",
            ""t = type('Mock', (object,), {'Dict': dict, 'Any': object})"",
            ""set_debug_flag = False""
        ]
    },
    {
        ""imports"": [
            ""from typing import Any, Dict"",
            ""from flask import Flask""
        ],
        ""initialization"": [
            ""self = type('Mock', (object,), {'app_import_path': None, 'create_app': None, 'data': {}, 'set_debug_flag': None, '_loaded_app': None})()"",
            ""app_import_path = None"",
            ""create_app = None"",
            ""t = type('Mock', (object,), {'Dict': Dict, 'Any': Any})"",
            ""set_debug_flag = False""
        ]
    }
]","[
    {
        ""imports"": [
            ""from flask import Flask # pragma: no cover"",
            ""import typing as t # pragma: no cover""
        ],
        ""initialization"": [
            ""self = type('Mock', (object,), {})() # pragma: no cover"",
            ""create_app = lambda x: Flask(__name__) # pragma: no cover"",
            ""t = type('Mock', (object,), {'Dict': dict, 'Any': type('Mock', (object,), {})})() # pragma: no cover"",
            ""set_debug_flag = False # pragma: no cover""
        ]
    },
    {
        ""imports"": [
            ""import typing as t # pragma: no cover"",
            ""from flask import Flask # pragma: no cover""
        ],
        ""initialization"": [
            ""self = type('Mock', (object,), {})() # pragma: no cover"",
            ""create_app = lambda script_info: Flask(__name__) # pragma: no cover"",
            ""t = type('Mock', (object,), {'Dict': dict, 'Any': object}) # pragma: no cover"",
            ""self.set_debug_flag = False # pragma: no cover""
        ]
    },
    {
        ""imports"": [
            ""from flask import Flask # pragma: no cover"",
            ""import typing as t # pragma: no cover""
        ],
        ""initialization"": [
            ""self = type('Mock', (object,), {})() # pragma: no cover"",
            ""create_app = lambda script_info: Flask(__name__) # pragma: no cover"",
            ""t = type('Mock', (object,), {'Dict': dict, 'Any': object}) # pragma: no cover"",
            ""set_debug_flag = True # pragma: no cover""
        ]
    },
    {
        ""imports"": [
            ""from flask import Flask # pragma: no cover"",
            ""import typing as t # pragma: no cover""
        ],
        ""initialization"": [
            ""create_app = lambda script_info: Flask(__name__) # pragma: no cover"",
            ""t = type('Mock', (object,), {'Dict': dict, 'Any': object})() # pragma: no cover"",
            ""set_debug_flag = lambda: None # pragma: no cover""
        ]
    },
    {
        ""imports"": [
            ""from typing import Any, Dict # pragma: no cover"",
            ""from flask import Flask # pragma: no cover""
        ],
        ""initialization"": [
            ""create_app = lambda script_info: Flask(__name__) # pragma: no cover"",
            ""t = type('Mock', (object,), {'Dict': Dict, 'Any': Any}) # pragma: no cover"",
            ""set_debug_flag = True # pragma: no cover""
        ]
    },
    {
        ""imports"": [
            ""from flask import Flask # pragma: no cover"",
            ""import typing as t # pragma: no cover""
        ],
        ""initialization"": [
            ""self = type('MockSelf', (object,), { # pragma: no cover"",
            ""    'create_app': lambda script_info: Flask(__name__), # pragma: no cover"",
            ""    'data': {}, # pragma: no cover"",
            ""    'set_debug_flag': False, # pragma: no cover"",
            ""    '_loaded_app': None # pragma: no cover"",
            ""})() # pragma: no cover"",
            ""create_app = lambda script_info: Flask(__name__) # pragma: no cover"",
            ""set_debug_flag = False # pragma: no cover""
        ]
    },
    {
        ""imports"": [
            ""import typing as t # pragma: no cover"",
            ""from flask import Flask # pragma: no cover""
        ],
        ""initialization"": [
            ""self = type('Mock', (object,), {})() # pragma: no cover"",
            ""create_app = lambda script_info: Flask(__name__) # pragma: no cover"",
            ""self.set_debug_flag = True # pragma: no cover""
        ]
    },
    {
        ""imports"": [
            ""from flask import Flask # pragma: no cover"",
            ""import typing as t # pragma: no cover""
        ],
        ""initialization"": [
            ""create_app = lambda script_info: Flask(__name__) # pragma: no cover"",
            ""set_debug_flag = True # pragma: no cover""
        ]
    },
    {
        ""imports"": [
            ""from flask import Flask # pragma: no cover"",
            ""import typing as t # pragma: no cover""
        ],
        ""initialization"": [
            ""self = type('Mock', (object,), {})() # pragma: no cover"",
            ""create_app = lambda script_info: Flask(__name__) # pragma: no cover"",
            ""t = type('Mock', (object,), {'Dict': dict, 'Any': object}) # pragma: no cover"",
            ""set_debug_flag = False # pragma: no cover""
        ]
    },
    {
        ""imports"": [
            ""from typing import Any, Dict # pragma: no cover"",
            ""from flask import Flask # pragma: no cover""
        ],
        ""initialization"": [
            ""create_app = None # pragma: no cover"",
            ""t = type('Mock', (object,), {'Dict': Dict, 'Any': Any}) # pragma: no cover"",
            ""set_debug_flag = False # pragma: no cover""
        ]
    }
]",1,429,0.0002145,1211,0.0018165,0.002031
"Provide self-contained and concrete Python values to initialize the undefined variables in the code snippet.

# begin code snippet
#: Optionally the import path for the Flask application.
self.app_import_path = app_import_path
#: Optionally a function that is passed the script info to create
#: the instance of the application.
self.create_app = create_app
#: A dictionary with arbitrary data that can be associated with
#: this script info.
self.data: t.Dict[t.Any, t.Any] = {}
self.set_debug_flag = set_debug_flag
self._loaded_app: Flask | None = None

# end code snippet

# begin undefined variables
self
app_import_path
create_app
t
set_debug_flag
Flask
# end undefined variables

# begin undefined attributes and methods
self.app_import_path
self.create_app
self.data
t.Dict
t.Any
self.set_debug_flag
self._loaded_app
# end undefined attributes and methods

Respond strictly with JSON. The JSON should be compatible with the TypeScript type `Response` from the following:

```ts
interface Response {
// Python import statements needed in the initialization code. One string per import.
imports: string[];
// Python code to initialize the undefined variables and make the code snippet executable. One string per undefined variable. The statements in the code snippet above are not part of the initialization of undefined variables. Therefore, their copy or modified versions should not be added here. The values should be self-contained and concrete, i.e. without assumptions or expected replacements of any code that is not present in the code snippet. In case there are undefined attributes or methods and the attribute or method base is not initialized, initialize the attribute or method base using type(""Mock"", bases, dict), where bases is a tuple containing the base classes that the Mock object inherits from, e.g. object, and dict is a dictionary containing the initialization of the undefined attributes and methods in the code snippet.
initialization: string[];
}
```","[
    {
        ""imports"": [
            ""from flask import Flask"",
            ""import typing as t""
        ],
        ""initialization"": [
            ""self = type('Mock', (object,), {})()"",
            ""app_import_path = ''"",
            ""create_app = lambda script_info: None"",
            ""t = type('Mock', (object,), {'Dict': dict, 'Any': object})()"",
            ""set_debug_flag = False"",
            ""Flask = type('MockFlask', (object,), {})""
        ]
    },
    {
        ""imports"": [
            ""from flask import Flask"",
            ""import typing as t""
        ],
        ""initialization"": [
            ""self = type('Mock', (object,), {'app_import_path': None, 'create_app': None, 'data': {}, 'set_debug_flag': None, '_loaded_app': None})()"",
            ""app_import_path = None"",
            ""create_app = lambda script_info: Flask(__name__)"",
            ""t = type('Mock', (object,), {'Dict': dict, 'Any': object})"",
            ""set_debug_flag = False"",
            ""Flask = Flask""
        ]
    },
    {
        ""imports"": [
            ""from flask import Flask"",
            ""import typing as t""
        ],
        ""initialization"": [
            ""self = type('Mock', (object,), {'app_import_path': None, 'create_app': None, 'data': {}, 'set_debug_flag': None, '_loaded_app': None})()"",
            ""app_import_path = 'my_flask_app'"",
            ""create_app = lambda x: Flask(__name__)"",
            ""t = t"",
            ""set_debug_flag = True""
        ]
    },
    {
        ""imports"": [
            ""from typing import Dict, Any"",
            ""from flask import Flask""
        ],
        ""initialization"": [
            ""self = type('Mock', (object,), {'app_import_path': None, 'create_app': None, 'data': {}, 'set_debug_flag': None, '_loaded_app': None})()"",
            ""app_import_path = None"",
            ""create_app = None"",
            ""t = type('Mock', (object,), {'Dict': Dict, 'Any': Any})"",
            ""set_debug_flag = False"",
            ""Flask = Flask""
        ]
    },
    {
        ""imports"": [
            ""from flask import Flask"",
            ""import typing as t""
        ],
        ""initialization"": [
            ""self = type('Mock', (object,), {'app_import_path': None, 'create_app': None, 'data': {}, 'set_debug_flag': False, '_loaded_app': None})()"",
            ""app_import_path = None"",
            ""create_app = None"",
            ""t = type('Mock', (object,), {'Dict': dict, 'Any': object})()"",
            ""set_debug_flag = False"",
            ""Flask = Flask""
        ]
    },
    {
        ""imports"": [
            ""from flask import Flask"",
            ""import typing as t""
        ],
        ""initialization"": [
            ""self = type('Mock', (object,), {'app_import_path': None, 'create_app': None, 'data': {}, 'set_debug_flag': None, '_loaded_app': None})()"",
            ""app_import_path = '/path/to/flask/app'"",
            ""create_app = lambda script_info: Flask(__name__)"",
            ""t = t"",
            ""set_debug_flag = True"",
            ""Flask = Flask""
        ]
    },
    {
        ""imports"": [
            ""from typing import Any, Dict"",
            ""from flask import Flask""
        ],
        ""initialization"": [
            ""self = type('Mock', (object,), {'app_import_path': None, 'create_app': None, 'data': {}, 'set_debug_flag': None, '_loaded_app': None})()"",
            ""app_import_path = None"",
            ""create_app = lambda script_info: Flask(__name__)"",
            ""t = type('Mock', (object,), {'Dict': Dict, 'Any': Any})()"",
            ""set_debug_flag = True"",
            ""Flask = Flask""
        ]
    },
    {
        ""imports"": [
            ""import typing as t"",
            ""from flask import Flask""
        ],
        ""initialization"": [
            ""self = type('Mock', (object,), {'app_import_path': None, 'create_app': None, 'data': {}, 'set_debug_flag': None, '_loaded_app': None})()"",
            ""app_import_path = 'my_flask_app'"",
            ""def create_app(script_info): return Flask(__name__)"",
            ""set_debug_flag = False""
        ]
    },
    {
        ""imports"": [
            ""from typing import Any, Dict"",
            ""from flask import Flask""
        ],
        ""initialization"": [
            ""self = type('Mock', (object,), {'app_import_path': None, 'create_app': None, 'data': {}, 'set_debug_flag': None, '_loaded_app': None})()"",
            ""app_import_path = 'my_flask_app'"",
            ""create_app = lambda info: Flask(__name__)"",
            ""t = type('Mock', (object,), {'Dict': Dict, 'Any': Any})"",
            ""set_debug_flag = lambda: True""
        ]
    },
    {
        ""imports"": [
            ""import typing as t"",
            ""from flask import Flask""
        ],
        ""initialization"": [
            ""self = type('Mock', (object,), {'set_debug_flag': None, 'create_app': None, 'app_import_path': None, '_loaded_app': None, 'data': {}})()"",
            ""app_import_path = ''"",
            ""create_app = lambda x: Flask(__name__)"",
            ""t = t"",
            ""set_debug_flag = False"",
            ""Flask = Flask""
        ]
    }
]","[
    {
        ""imports"": [
            ""from flask import Flask # pragma: no cover"",
            ""import typing as t # pragma: no cover""
        ],
        ""initialization"": [
            ""self = type('Mock', (object,), {})() # pragma: no cover"",
            ""create_app = lambda script_info: None # pragma: no cover"",
            ""t = type('Mock', (object,), {'Dict': dict, 'Any': object})() # pragma: no cover"",
            ""set_debug_flag = False # pragma: no cover"",
            ""Flask = type('MockFlask', (object,), {}) # pragma: no cover""
        ]
    },
    {
        ""imports"": [
            ""from flask import Flask # pragma: no cover"",
            ""import typing as t # pragma: no cover""
        ],
        ""initialization"": [
            ""create_app = lambda script_info: Flask(__name__) # pragma: no cover"",
            ""t = type('Mock', (object,), {'Dict': dict, 'Any': object}) # pragma: no cover"",
            ""set_debug_flag = False # pragma: no cover"",
            ""Flask = Flask # pragma: no cover""
        ]
    },
    {
        ""imports"": [
            ""from flask import Flask # pragma: no cover"",
            ""import typing as t # pragma: no cover""
        ],
        ""initialization"": [
            ""create_app = lambda x: Flask(__name__) # pragma: no cover"",
            ""t = t # pragma: no cover"",
            ""set_debug_flag = True # pragma: no cover""
        ]
    },
    {
        ""imports"": [
            ""from typing import Dict, Any # pragma: no cover"",
            ""from flask import Flask # pragma: no cover""
        ],
        ""initialization"": [
            ""create_app = None # pragma: no cover"",
            ""t = type('Mock', (object,), {'Dict': Dict, 'Any': Any}) # pragma: no cover"",
            ""set_debug_flag = False # pragma: no cover"",
            ""Flask = Flask # pragma: no cover""
        ]
    },
    {
        ""imports"": [
            ""from flask import Flask # pragma: no cover"",
            ""import typing as t # pragma: no cover""
        ],
        ""initialization"": [
            ""create_app = None # pragma: no cover"",
            ""t = type('Mock', (object,), {'Dict': dict, 'Any': object})() # pragma: no cover"",
            ""set_debug_flag = False # pragma: no cover"",
            ""Flask = Flask # pragma: no cover""
        ]
    },
    {
        ""imports"": [
            ""from flask import Flask # pragma: no cover"",
            ""import typing as t # pragma: no cover""
        ],
        ""initialization"": [
            ""create_app = lambda script_info: Flask(__name__) # pragma: no cover"",
            ""t = t # pragma: no cover"",
            ""set_debug_flag = True # pragma: no cover"",
            ""Flask = Flask # pragma: no cover""
        ]
    },
    {
        ""imports"": [
            ""from typing import Any, Dict # pragma: no cover"",
            ""from flask import Flask # pragma: no cover""
        ],
        ""initialization"": [
            ""create_app = lambda script_info: Flask(__name__) # pragma: no cover"",
            ""t = type('Mock', (object,), {'Dict': Dict, 'Any': Any})() # pragma: no cover"",
            ""set_debug_flag = True # pragma: no cover"",
            ""Flask = Flask # pragma: no cover""
        ]
    },
    {
        ""imports"": [
            ""import typing as t # pragma: no cover"",
            ""from flask import Flask # pragma: no cover""
        ],
        ""initialization"": [
            ""def create_app(script_info): return Flask(__name__) # pragma: no cover"",
            ""set_debug_flag = False # pragma: no cover""
        ]
    },
    {
        ""imports"": [
            ""from typing import Any, Dict # pragma: no cover"",
            ""from flask import Flask # pragma: no cover""
        ],
        ""initialization"": [
            ""create_app = lambda info: Flask(__name__) # pragma: no cover"",
            ""t = type('Mock', (object,), {'Dict': Dict, 'Any': Any}) # pragma: no cover"",
            ""set_debug_flag = lambda: True # pragma: no cover""
        ]
    },
    {
        ""imports"": [
            ""import typing as t # pragma: no cover"",
            ""from flask import Flask # pragma: no cover""
        ],
        ""initialization"": [
            ""create_app = lambda x: Flask(__name__) # pragma: no cover"",
            ""t = t # pragma: no cover"",
            ""set_debug_flag = False # pragma: no cover"",
            ""Flask = Flask # pragma: no cover""
        ]
    }
]",1,429,0.0002145,1279,0.0019185,0.002133
"When trying to execute the code snippet with the provided imports and initialization, the following error happens:
# begin error message
Execution error at line 11:
    self.app_import_path = app_import_path
NameError: name 'app_import_path' is not defined
# end error message

Please, provide self-contained and concrete Python fixed values of the imports and initialization to solve the error and make the code snippet executable.
Respond strictly with JSON. The JSON should be compatible with the TypeScript type `Response` from the following:

```ts
interface Response {
// Python import statements needed in the initialization code. One string per import.
imports: string[];
// Python code to initialize the undefined variables and make the code snippet executable. One string per undefined variable. The statements in the code snippet above are not part of the initialization of undefined variables. Therefore, their copy or modified versions should not be added here. The values should be self-contained and concrete, i.e. without assumptions or expected replacements of any code that is not present in the code snippet. In case there are undefined attributes or methods and the attribute or method base is not initialized, initialize the attribute or method base using type(""Mock"", bases, dict), where bases is a tuple containing the base classes that the Mock object inherits from, e.g. object, and dict is a dictionary containing the initialization of the undefined attributes and methods in the code snippet.
initialization: string[];
}
```","[
    {
        ""imports"": [
            ""from flask import Flask"",
            ""import typing as t""
        ],
        ""initialization"": [
            ""self = type('Mock', (object,), {'app_import_path': None, 'create_app': None, 'data': {}, 'set_debug_flag': None, '_loaded_app': None})()"",
            ""app_import_path = 'my_app'"",
            ""create_app = lambda x: Flask(__name__)"",
            ""t = type('Mock', (object,), {'Dict': dict, 'Any': object})()"",
            ""set_debug_flag = False""
        ]
    },
    {
        ""imports"": [
            ""from flask import Flask"",
            ""import typing as t""
        ],
        ""initialization"": [
            ""self = type('Mock', (object,), {'app_import_path': None, 'create_app': None, 'data': {}, 'set_debug_flag': False, '_loaded_app': None})()"",
            ""app_import_path = ''"",
            ""create_app = lambda x: Flask(__name__)"",
            ""t = type('Mock', (object,), {'Dict': dict, 'Any': object})()"",
            ""set_debug_flag = False""
        ]
    },
    {
        ""imports"": [
            ""from flask import Flask"",
            ""import typing as t""
        ],
        ""initialization"": [
            ""self = type('Mock', (object,), {'app_import_path': None, 'create_app': None, 'data': {}, 'set_debug_flag': None, '_loaded_app': None})()"",
            ""app_import_path = 'my_flask_app'"",
            ""create_app = lambda x: Flask(__name__)"",
            ""t = type('Mock', (object,), {'Dict': dict, 'Any': object})()"",
            ""set_debug_flag = False""
        ]
    },
    {
        ""imports"": [
            ""from flask import Flask"",
            ""import typing as t""
        ],
        ""initialization"": [
            ""self = type('Mock', (object,), {'app_import_path': None, 'create_app': None, 'data': {}, 'set_debug_flag': None, '_loaded_app': None})()"",
            ""app_import_path = ''"",
            ""create_app = lambda x: Flask(__name__)"",
            ""t = type('Mock', (object,), {'Dict': dict, 'Any': type('Mock', (object,), {})})()"",
            ""set_debug_flag = False""
        ]
    },
    {
        ""imports"": [
            ""from flask import Flask"",
            ""import typing as t""
        ],
        ""initialization"": [
            ""self = type('Mock', (object,), {'app_import_path': None, 'create_app': None, 'data': {}, 'set_debug_flag': False, '_loaded_app': None})()"",
            ""app_import_path = ''"",
            ""create_app = lambda x: Flask(__name__)"",
            ""t = type('Mock', (object,), {'Dict': dict, 'Any': object})()"",
            ""set_debug_flag = False""
        ]
    },
    {
        ""imports"": [
            ""from flask import Flask"",
            ""import typing as t""
        ],
        ""initialization"": [
            ""self = type('Mock', (object,), {'app_import_path': None, 'create_app': None, 'data': {}, 'set_debug_flag': None, '_loaded_app': None})()"",
            ""app_import_path = ''"",
            ""create_app = lambda x: Flask(__name__)"",
            ""t = type('Mock', (object,), {'Dict': dict, 'Any': object})()"",
            ""set_debug_flag = False""
        ]
    },
    {
        ""imports"": [
            ""from flask import Flask"",
            ""import typing as t""
        ],
        ""initialization"": [
            ""self = type('Mock', (object,), {'app_import_path': None, 'create_app': None, 'data': {}, 'set_debug_flag': None, '_loaded_app': None})()"",
            ""app_import_path = ''"",
            ""create_app = lambda x: Flask(__name__)"",
            ""t = type('Mock', (object,), {'Dict': dict, 'Any': object})()"",
            ""set_debug_flag = False""
        ]
    },
    {
        ""imports"": [
            ""from flask import Flask"",
            ""import typing as t""
        ],
        ""initialization"": [
            ""self = type('Mock', (object,), {'app_import_path': None, 'create_app': None, 'data': {}, 'set_debug_flag': False, '_loaded_app': None})()"",
            ""app_import_path = 'myapp.app'"",
            ""create_app = lambda x: Flask(__name__)"",
            ""t = type('Mock', (object,), {'Dict': dict, 'Any': object})()"",
            ""set_debug_flag = True""
        ]
    },
    {
        ""imports"": [
            ""from flask import Flask"",
            ""import typing as t""
        ],
        ""initialization"": [
            ""self = type('Mock', (object,), {'app_import_path': None, 'create_app': None, 'data': {}, 'set_debug_flag': None, '_loaded_app': None})()"",
            ""app_import_path = ''"",
            ""create_app = lambda x: Flask(__name__)"",
            ""t = type('Mock', (object,), {'Dict': dict, 'Any': object})()"",
            ""set_debug_flag = False""
        ]
    },
    {
        ""imports"": [
            ""from flask import Flask"",
            ""import typing as t""
        ],
        ""initialization"": [
            ""self = type('Mock', (object,), {'app_import_path': None, 'create_app': None, 'data': {}, 'set_debug_flag': None, '_loaded_app': None})()"",
            ""app_import_path = ''"",
            ""create_app = lambda x: Flask(__name__)"",
            ""t = type('Mock', (object,), {'Dict': dict, 'Any': object})()"",
            ""set_debug_flag = False""
        ]
    }
]","[
    {
        ""imports"": [
            ""from flask import Flask # pragma: no cover"",
            ""import typing as t # pragma: no cover""
        ],
        ""initialization"": [
            ""create_app = lambda x: Flask(__name__) # pragma: no cover"",
            ""t = type('Mock', (object,), {'Dict': dict, 'Any': object})() # pragma: no cover"",
            ""set_debug_flag = False # pragma: no cover""
        ]
    },
    {
        ""imports"": [
            ""from flask import Flask # pragma: no cover"",
            ""import typing as t # pragma: no cover""
        ],
        ""initialization"": [
            ""create_app = lambda x: Flask(__name__) # pragma: no cover"",
            ""t = type('Mock', (object,), {'Dict': dict, 'Any': object})() # pragma: no cover"",
            ""set_debug_flag = False # pragma: no cover""
        ]
    },
    {
        ""imports"": [
            ""from flask import Flask # pragma: no cover"",
            ""import typing as t # pragma: no cover""
        ],
        ""initialization"": [
            ""create_app = lambda x: Flask(__name__) # pragma: no cover"",
            ""t = type('Mock', (object,), {'Dict': dict, 'Any': object})() # pragma: no cover"",
            ""set_debug_flag = False # pragma: no cover""
        ]
    },
    {
        ""imports"": [
            ""from flask import Flask # pragma: no cover"",
            ""import typing as t # pragma: no cover""
        ],
        ""initialization"": [
            ""create_app = lambda x: Flask(__name__) # pragma: no cover"",
            ""t = type('Mock', (object,), {'Dict': dict, 'Any': type('Mock', (object,), {})})() # pragma: no cover"",
            ""set_debug_flag = False # pragma: no cover""
        ]
    },
    {
        ""imports"": [
            ""from flask import Flask # pragma: no cover"",
            ""import typing as t # pragma: no cover""
        ],
        ""initialization"": [
            ""create_app = lambda x: Flask(__name__) # pragma: no cover"",
            ""t = type('Mock', (object,), {'Dict': dict, 'Any': object})() # pragma: no cover"",
            ""set_debug_flag = False # pragma: no cover""
        ]
    },
    {
        ""imports"": [
            ""from flask import Flask # pragma: no cover"",
            ""import typing as t # pragma: no cover""
        ],
        ""initialization"": [
            ""create_app = lambda x: Flask(__name__) # pragma: no cover"",
            ""t = type('Mock', (object,), {'Dict': dict, 'Any': object})() # pragma: no cover"",
            ""set_debug_flag = False # pragma: no cover""
        ]
    },
    {
        ""imports"": [
            ""from flask import Flask # pragma: no cover"",
            ""import typing as t # pragma: no cover""
        ],
        ""initialization"": [
            ""create_app = lambda x: Flask(__name__) # pragma: no cover"",
            ""t = type('Mock', (object,), {'Dict': dict, 'Any': object})() # pragma: no cover"",
            ""set_debug_flag = False # pragma: no cover""
        ]
    },
    {
        ""imports"": [
            ""from flask import Flask # pragma: no cover"",
            ""import typing as t # pragma: no cover""
        ],
        ""initialization"": [
            ""create_app = lambda x: Flask(__name__) # pragma: no cover"",
            ""t = type('Mock', (object,), {'Dict': dict, 'Any': object})() # pragma: no cover"",
            ""set_debug_flag = True # pragma: no cover""
        ]
    },
    {
        ""imports"": [
            ""from flask import Flask # pragma: no cover"",
            ""import typing as t # pragma: no cover""
        ],
        ""initialization"": [
            ""create_app = lambda x: Flask(__name__) # pragma: no cover"",
            ""t = type('Mock', (object,), {'Dict': dict, 'Any': object})() # pragma: no cover"",
            ""set_debug_flag = False # pragma: no cover""
        ]
    },
    {
        ""imports"": [
            ""from flask import Flask # pragma: no cover"",
            ""import typing as t # pragma: no cover""
        ],
        ""initialization"": [
            ""create_app = lambda x: Flask(__name__) # pragma: no cover"",
            ""t = type('Mock', (object,), {'Dict': dict, 'Any': object})() # pragma: no cover"",
            ""set_debug_flag = False # pragma: no cover""
        ]
    }
]",2,834,0.000417,1326,0.001989,0.0024059999999999
"When trying to execute the code snippet with the provided imports and initialization, the following error happens:
# begin error message
Execution error at line 12:
    self.app_import_path = app_import_path
NameError: name 'app_import_path' is not defined
# end error message

Please, provide self-contained and concrete Python fixed values of the imports and initialization to solve the error and make the code snippet executable.
Respond strictly with JSON. The JSON should be compatible with the TypeScript type `Response` from the following:

```ts
interface Response {
// Python import statements needed in the initialization code. One string per import.
imports: string[];
// Python code to initialize the undefined variables and make the code snippet executable. One string per undefined variable. The statements in the code snippet above are not part of the initialization of undefined variables. Therefore, their copy or modified versions should not be added here. The values should be self-contained and concrete, i.e. without assumptions or expected replacements of any code that is not present in the code snippet. In case there are undefined attributes or methods and the attribute or method base is not initialized, initialize the attribute or method base using type(""Mock"", bases, dict), where bases is a tuple containing the base classes that the Mock object inherits from, e.g. object, and dict is a dictionary containing the initialization of the undefined attributes and methods in the code snippet.
initialization: string[];
}
```","[
    {
        ""imports"": [
            ""from flask import Flask"",
            ""import typing as t""
        ],
        ""initialization"": [
            ""self = type('Mock', (object,), {'app_import_path': None, 'create_app': None, 'data': {}, 'set_debug_flag': None, '_loaded_app': None})()"",
            ""app_import_path = 'some.import.path'"",
            ""create_app = lambda script_info: type('App', (object,), {})()"",
            ""t = type('Mock', (object,), {'Dict': dict, 'Any': object})()"",
            ""set_debug_flag = True"",
            ""Flask = Flask""
        ]
    },
    {
        ""imports"": [
            ""from flask import Flask"",
            ""import typing as t""
        ],
        ""initialization"": [
            ""self = type('Mock', (object,), {'app_import_path': None, 'create_app': None, 'data': {}, 'set_debug_flag': None, '_loaded_app': None})()"",
            ""app_import_path = ''"",
            ""create_app = lambda script_info: None"",
            ""set_debug_flag = False""
        ]
    },
    {
        ""imports"": [
            ""from flask import Flask"",
            ""import typing as t""
        ],
        ""initialization"": [
            ""self = type('Mock', (object,), {'app_import_path': None, 'create_app': None, 'data': {}, 'set_debug_flag': False, '_loaded_app': None})()"",
            ""app_import_path = ''"",
            ""create_app = lambda script_info: None"",
            ""set_debug_flag = False""
        ]
    },
    {
        ""imports"": [
            ""from flask import Flask"",
            ""import typing as t""
        ],
        ""initialization"": [
            ""self = type('Mock', (object,), {'app_import_path': None, 'create_app': None, 'data': {}, 'set_debug_flag': False, '_loaded_app': None})()"",
            ""app_import_path = ''"",
            ""create_app = lambda script_info: None"",
            ""t = type('Mock', (object,), {'Dict': dict, 'Any': object})()"",
            ""set_debug_flag = False"",
            ""Flask = type('MockFlask', (object,), {})""
        ]
    },
    {
        ""imports"": [
            ""from flask import Flask"",
            ""import typing as t""
        ],
        ""initialization"": [
            ""self = type('Mock', (object,), {'app_import_path': None, 'create_app': None, 'data': {}, 'set_debug_flag': None, '_loaded_app': None})()"",
            ""app_import_path = ''"",
            ""create_app = lambda script_info: None"",
            ""t = type('Mock', (object,), {'Dict': dict, 'Any': object})()"",
            ""set_debug_flag = False"",
            ""Flask = Flask""
        ]
    },
    {
        ""imports"": [
            ""from flask import Flask"",
            ""import typing as t""
        ],
        ""initialization"": [
            ""self = type('Mock', (object,), {'app_import_path': None, 'create_app': None, 'data': {}, 'set_debug_flag': None, '_loaded_app': None})()"",
            ""app_import_path = ''"",
            ""create_app = lambda script_info: Flask(__name__)"",
            ""t = type('Mock', (object,), {'Dict': dict, 'Any': object})()"",
            ""set_debug_flag = False"",
            ""Flask = type('MockFlask', (object,), {})""
        ]
    },
    {
        ""imports"": [
            ""from flask import Flask"",
            ""import typing as t""
        ],
        ""initialization"": [
            ""self = type('Mock', (object,), {'app_import_path': None, 'create_app': None, 'data': {}, 'set_debug_flag': None, '_loaded_app': None})()"",
            ""app_import_path = ''"",
            ""create_app = lambda script_info: None"",
            ""t = type('Mock', (object,), {'Dict': dict, 'Any': object})"",
            ""set_debug_flag = False"",
            ""Flask = type('MockFlask', (object,), {})""
        ]
    },
    {
        ""imports"": [
            ""from flask import Flask"",
            ""import typing as t""
        ],
        ""initialization"": [
            ""self = type('Mock', (object,), {'app_import_path': None, 'create_app': None, 'data': {}, 'set_debug_flag': None, '_loaded_app': None})()"",
            ""app_import_path = ''"",
            ""create_app = lambda script_info: None"",
            ""t = type('Mock', (object,), {'Dict': dict, 'Any': object})()"",
            ""set_debug_flag = False"",
            ""Flask = type('MockFlask', (object,), {})""
        ]
    },
    {
        ""imports"": [
            ""from flask import Flask"",
            ""import typing as t""
        ],
        ""initialization"": [
            ""self = type('Mock', (object,), {'app_import_path': None, 'create_app': None, 'data': {}, 'set_debug_flag': None, '_loaded_app': None})()"",
            ""app_import_path = ''"",
            ""create_app = lambda script_info: Flask(__name__)"",
            ""t = type('Mock', (object,), {'Dict': dict, 'Any': object})()"",
            ""set_debug_flag = False"",
            ""Flask = Flask""
        ]
    },
    {
        ""imports"": [
            ""from flask import Flask"",
            ""import typing as t""
        ],
        ""initialization"": [
            ""self = type('Mock', (object,), {'app_import_path': None, 'create_app': None, 'data': {}, 'set_debug_flag': False, '_loaded_app': None})()"",
            ""app_import_path = ''"",
            ""create_app = lambda script_info: None"",
            ""t = type('Mock', (object,), {'Dict': dict, 'Any': type('Any', (object,), {})})()"",
            ""set_debug_flag = False"",
            ""Flask = type('MockFlask', (object,), {})""
        ]
    }
]","[
    {
        ""imports"": [
            ""from flask import Flask # pragma: no cover"",
            ""import typing as t # pragma: no cover""
        ],
        ""initialization"": [
            ""create_app = lambda script_info: type('App', (object,), {})() # pragma: no cover"",
            ""t = type('Mock', (object,), {'Dict': dict, 'Any': object})() # pragma: no cover"",
            ""set_debug_flag = True # pragma: no cover"",
            ""Flask = Flask # pragma: no cover""
        ]
    },
    {
        ""imports"": [
            ""from flask import Flask # pragma: no cover"",
            ""import typing as t # pragma: no cover""
        ],
        ""initialization"": [
            ""create_app = lambda script_info: None # pragma: no cover"",
            ""set_debug_flag = False # pragma: no cover""
        ]
    },
    {
        ""imports"": [
            ""from flask import Flask # pragma: no cover"",
            ""import typing as t # pragma: no cover""
        ],
        ""initialization"": [
            ""create_app = lambda script_info: None # pragma: no cover"",
            ""set_debug_flag = False # pragma: no cover""
        ]
    },
    {
        ""imports"": [
            ""from flask import Flask # pragma: no cover"",
            ""import typing as t # pragma: no cover""
        ],
        ""initialization"": [
            ""create_app = lambda script_info: None # pragma: no cover"",
            ""t = type('Mock', (object,), {'Dict': dict, 'Any': object})() # pragma: no cover"",
            ""set_debug_flag = False # pragma: no cover"",
            ""Flask = type('MockFlask', (object,), {}) # pragma: no cover""
        ]
    },
    {
        ""imports"": [
            ""from flask import Flask # pragma: no cover"",
            ""import typing as t # pragma: no cover""
        ],
        ""initialization"": [
            ""create_app = lambda script_info: None # pragma: no cover"",
            ""t = type('Mock', (object,), {'Dict': dict, 'Any': object})() # pragma: no cover"",
            ""set_debug_flag = False # pragma: no cover"",
            ""Flask = Flask # pragma: no cover""
        ]
    },
    {
        ""imports"": [
            ""from flask import Flask # pragma: no cover"",
            ""import typing as t # pragma: no cover""
        ],
        ""initialization"": [
            ""create_app = lambda script_info: Flask(__name__) # pragma: no cover"",
            ""t = type('Mock', (object,), {'Dict': dict, 'Any': object})() # pragma: no cover"",
            ""set_debug_flag = False # pragma: no cover"",
            ""Flask = type('MockFlask', (object,), {}) # pragma: no cover""
        ]
    },
    {
        ""imports"": [
            ""from flask import Flask # pragma: no cover"",
            ""import typing as t # pragma: no cover""
        ],
        ""initialization"": [
            ""create_app = lambda script_info: None # pragma: no cover"",
            ""t = type('Mock', (object,), {'Dict': dict, 'Any': object}) # pragma: no cover"",
            ""set_debug_flag = False # pragma: no cover"",
            ""Flask = type('MockFlask', (object,), {}) # pragma: no cover""
        ]
    },
    {
        ""imports"": [
            ""from flask import Flask # pragma: no cover"",
            ""import typing as t # pragma: no cover""
        ],
        ""initialization"": [
            ""create_app = lambda script_info: None # pragma: no cover"",
            ""t = type('Mock', (object,), {'Dict': dict, 'Any': object})() # pragma: no cover"",
            ""set_debug_flag = False # pragma: no cover"",
            ""Flask = type('MockFlask', (object,), {}) # pragma: no cover""
        ]
    },
    {
        ""imports"": [
            ""from flask import Flask # pragma: no cover"",
            ""import typing as t # pragma: no cover""
        ],
        ""initialization"": [
            ""create_app = lambda script_info: Flask(__name__) # pragma: no cover"",
            ""t = type('Mock', (object,), {'Dict': dict, 'Any': object})() # pragma: no cover"",
            ""set_debug_flag = False # pragma: no cover"",
            ""Flask = Flask # pragma: no cover""
        ]
    },
    {
        ""imports"": [
            ""from flask import Flask # pragma: no cover"",
            ""import typing as t # pragma: no cover""
        ],
        ""initialization"": [
            ""create_app = lambda script_info: None # pragma: no cover"",
            ""t = type('Mock', (object,), {'Dict': dict, 'Any': type('Any', (object,), {})})() # pragma: no cover"",
            ""set_debug_flag = False # pragma: no cover"",
            ""Flask = type('MockFlask', (object,), {}) # pragma: no cover""
        ]
    }
]",2,841,0.0004205,1368,0.002052,0.0024725
"When trying to execute the code snippet with the provided imports and initialization, the following error happens:
# begin error message
Execution error at line 11:
    self.app_import_path = app_import_path
NameError: name 'app_import_path' is not defined
# end error message

Please, provide self-contained and concrete Python fixed values of the imports and initialization to solve the error and make the code snippet executable.
Respond strictly with JSON. The JSON should be compatible with the TypeScript type `Response` from the following:

```ts
interface Response {
// Python import statements needed in the initialization code. One string per import.
imports: string[];
// Python code to initialize the undefined variables and make the code snippet executable. One string per undefined variable. The statements in the code snippet above are not part of the initialization of undefined variables. Therefore, their copy or modified versions should not be added here. The values should be self-contained and concrete, i.e. without assumptions or expected replacements of any code that is not present in the code snippet. In case there are undefined attributes or methods and the attribute or method base is not initialized, initialize the attribute or method base using type(""Mock"", bases, dict), where bases is a tuple containing the base classes that the Mock object inherits from, e.g. object, and dict is a dictionary containing the initialization of the undefined attributes and methods in the code snippet.
initialization: string[];
}
```","[
    {
        ""imports"": [
            ""import typing as t"",
            ""from flask import Flask""
        ],
        ""initialization"": [
            ""self = type('Mock', (object,), {'app_import_path': None, 'create_app': None, 'data': dict(), 'set_debug_flag': None, '_loaded_app': None})()"",
            ""app_import_path = ''"",
            ""create_app = lambda script_info: Flask(__name__)"",
            ""t = type('Mock', (object,), {'Dict': dict, 'Any': object})"",
            ""set_debug_flag = False""
        ]
    },
    {
        ""imports"": [
            ""import typing as t"",
            ""from flask import Flask""
        ],
        ""initialization"": [
            ""self = type('Mock', (object,), {'app_import_path': None, 'create_app': None, 'data': {}, 'set_debug_flag': None, '_loaded_app': None})()"",
            ""self.app_import_path = ''"",
            ""self.create_app = lambda script_info: Flask(__name__)"",
            ""self.set_debug_flag = False""
        ]
    },
    {
        ""imports"": [
            ""import typing as t"",
            ""from flask import Flask""
        ],
        ""initialization"": [
            ""self = type('Mock', (object,), {'app_import_path': None, 'create_app': None, 'data': {}, 'set_debug_flag': None, '_loaded_app': None})()"",
            ""app_import_path = ''"",
            ""create_app = lambda script_info: Flask(__name__)"",
            ""t = type('Mock', (object,), {'Dict': dict, 'Any': object})"",
            ""set_debug_flag = False""
        ]
    },
    {
        ""imports"": [
            ""import typing as t"",
            ""from flask import Flask""
        ],
        ""initialization"": [
            ""self = type('Mock', (object,), {'app_import_path': '', 'create_app': lambda script_info: Flask(__name__), 'data': {}, 'set_debug_flag': False, '_loaded_app': None})()"",
            ""app_import_path = ''"",
            ""create_app = lambda script_info: Flask(__name__)"",
            ""t = type('Mock', (object,), {'Dict': dict, 'Any': object})()""
        ]
    },
    {
        ""imports"": [
            ""import typing as t"",
            ""from flask import Flask""
        ],
        ""initialization"": [
            ""self = type('Mock', (object,), {'app_import_path': None, 'create_app': None, 'data': {}, 'set_debug_flag': None, '_loaded_app': None})()"",
            ""app_import_path = ''"",
            ""create_app = lambda script_info: Flask(__name__)"",
            ""self.app_import_path = app_import_path"",
            ""self.create_app = create_app"",
            ""self.data = {}"",
            ""self.set_debug_flag = False"",
            ""self._loaded_app = None""
        ]
    },
    {
        ""imports"": [
            ""from flask import Flask"",
            ""import typing as t""
        ],
        ""initialization"": [
            ""self = type('Mock', (object,), {'app_import_path': None, 'create_app': None, 'data': {}, 'set_debug_flag': None, '_loaded_app': None})()"",
            ""app_import_path = ''"",
            ""create_app = lambda script_info: Flask(__name__)"",
            ""t = type('Mock', (object,), {'Dict': dict, 'Any': object})"",
            ""set_debug_flag = False"",
            ""self.app_import_path = app_import_path"",
            ""self.create_app = create_app"",
            ""self.data = {}"",
            ""self.set_debug_flag = set_debug_flag"",
            ""self._loaded_app = None""
        ]
    },
    {
        ""imports"": [
            ""import typing as t"",
            ""from flask import Flask""
        ],
        ""initialization"": [
            ""self = type('Mock', (object,), {'app_import_path': None, 'create_app': None, 'data': {}, 'set_debug_flag': None, '_loaded_app': None})()"",
            ""app_import_path = ''"",
            ""create_app = lambda script_info: Flask(__name__)"",
            ""t = type('Mock', (object,), {'Dict': dict, 'Any': object})()"",
            ""set_debug_flag = False""
        ]
    },
    {
        ""imports"": [
            ""import typing as t"",
            ""from flask import Flask""
        ],
        ""initialization"": [
            ""self = type('Mock', (object,), {'app_import_path': None, 'create_app': None, 'data': {}, 'set_debug_flag': None, '_loaded_app': None})()"",
            ""app_import_path = ''"",
            ""create_app = lambda script_info: Flask(__name__)"",
            ""t = type('Mock', (object,), {'Dict': dict, 'Any': object})"",
            ""set_debug_flag = False""
        ]
    },
    {
        ""imports"": [
            ""import typing as t"",
            ""from flask import Flask""
        ],
        ""initialization"": [
            ""self = type('Mock', (object,), {'app_import_path': None, 'create_app': None, 'data': {}, 'set_debug_flag': False, '_loaded_app': None})()"",
            ""app_import_path = ''"",
            ""create_app = lambda script_info: Flask(__name__)"",
            ""t = type('Mock', (object,), {'Dict': dict, 'Any': object})"",
            ""set_debug_flag = False""
        ]
    },
    {
        ""imports"": [
            ""import typing as t"",
            ""from flask import Flask""
        ],
        ""initialization"": [
            ""self = type('Mock', (object,), {'app_import_path': None, 'create_app': None, 'data': {}, 'set_debug_flag': None, '_loaded_app': None})()"",
            ""app_import_path = None"",
            ""create_app = lambda script_info: Flask(__name__)"",
            ""t = type('Mock', (object,), {'Dict': dict, 'Any': object})"",
            ""set_debug_flag = False""
        ]
    }
]","[
    {
        ""imports"": [
            ""import typing as t # pragma: no cover"",
            ""from flask import Flask # pragma: no cover""
        ],
        ""initialization"": [
            ""create_app = lambda script_info: Flask(__name__) # pragma: no cover"",
            ""t = type('Mock', (object,), {'Dict': dict, 'Any': object}) # pragma: no cover"",
            ""set_debug_flag = False # pragma: no cover""
        ]
    },
    {
        ""imports"": [
            ""import typing as t # pragma: no cover"",
            ""from flask import Flask # pragma: no cover""
        ],
        ""initialization"": [
            ""self.create_app = lambda script_info: Flask(__name__) # pragma: no cover"",
            ""self.set_debug_flag = False # pragma: no cover""
        ]
    },
    {
        ""imports"": [
            ""import typing as t # pragma: no cover"",
            ""from flask import Flask # pragma: no cover""
        ],
        ""initialization"": [
            ""create_app = lambda script_info: Flask(__name__) # pragma: no cover"",
            ""t = type('Mock', (object,), {'Dict': dict, 'Any': object}) # pragma: no cover"",
            ""set_debug_flag = False # pragma: no cover""
        ]
    },
    {
        ""imports"": [
            ""import typing as t # pragma: no cover"",
            ""from flask import Flask # pragma: no cover""
        ],
        ""initialization"": [
            ""create_app = lambda script_info: Flask(__name__) # pragma: no cover"",
            ""t = type('Mock', (object,), {'Dict': dict, 'Any': object})() # pragma: no cover""
        ]
    },
    {
        ""imports"": [
            ""import typing as t # pragma: no cover"",
            ""from flask import Flask # pragma: no cover""
        ],
        ""initialization"": [
            ""create_app = lambda script_info: Flask(__name__) # pragma: no cover"",
            ""self.create_app = create_app # pragma: no cover"",
            ""self.data = {} # pragma: no cover"",
            ""self.set_debug_flag = False # pragma: no cover"",
            ""self._loaded_app = None # pragma: no cover""
        ]
    },
    {
        ""imports"": [
            ""from flask import Flask # pragma: no cover"",
            ""import typing as t # pragma: no cover""
        ],
        ""initialization"": [
            ""create_app = lambda script_info: Flask(__name__) # pragma: no cover"",
            ""t = type('Mock', (object,), {'Dict': dict, 'Any': object}) # pragma: no cover"",
            ""set_debug_flag = False # pragma: no cover"",
            ""self.create_app = create_app # pragma: no cover"",
            ""self.data = {} # pragma: no cover"",
            ""self.set_debug_flag = set_debug_flag # pragma: no cover"",
            ""self._loaded_app = None # pragma: no cover""
        ]
    },
    {
        ""imports"": [
            ""import typing as t # pragma: no cover"",
            ""from flask import Flask # pragma: no cover""
        ],
        ""initialization"": [
            ""create_app = lambda script_info: Flask(__name__) # pragma: no cover"",
            ""t = type('Mock', (object,), {'Dict': dict, 'Any': object})() # pragma: no cover"",
            ""set_debug_flag = False # pragma: no cover""
        ]
    },
    {
        ""imports"": [
            ""import typing as t # pragma: no cover"",
            ""from flask import Flask # pragma: no cover""
        ],
        ""initialization"": [
            ""create_app = lambda script_info: Flask(__name__) # pragma: no cover"",
            ""t = type('Mock', (object,), {'Dict': dict, 'Any': object}) # pragma: no cover"",
            ""set_debug_flag = False # pragma: no cover""
        ]
    },
    {
        ""imports"": [
            ""import typing as t # pragma: no cover"",
            ""from flask import Flask # pragma: no cover""
        ],
        ""initialization"": [
            ""create_app = lambda script_info: Flask(__name__) # pragma: no cover"",
            ""t = type('Mock', (object,), {'Dict': dict, 'Any': object}) # pragma: no cover"",
            ""set_debug_flag = False # pragma: no cover""
        ]
    },
    {
        ""imports"": [
            ""import typing as t # pragma: no cover"",
            ""from flask import Flask # pragma: no cover""
        ],
        ""initialization"": [
            ""create_app = lambda script_info: Flask(__name__) # pragma: no cover"",
            ""t = type('Mock', (object,), {'Dict': dict, 'Any': object}) # pragma: no cover"",
            ""set_debug_flag = False # pragma: no cover""
        ]
    }
]",2,1233,0.0006165,1353,0.0020295,0.002646
"When trying to execute the code snippet with the provided imports and initialization, the following error happens:
# begin error message
Execution error at line 11:
    self.app_import_path = app_import_path
NameError: name 'app_import_path' is not defined
# end error message

Please, provide self-contained and concrete Python fixed values of the imports and initialization to solve the error and make the code snippet executable.
Respond strictly with JSON. The JSON should be compatible with the TypeScript type `Response` from the following:

```ts
interface Response {
// Python import statements needed in the initialization code. One string per import.
imports: string[];
// Python code to initialize the undefined variables and make the code snippet executable. One string per undefined variable. The statements in the code snippet above are not part of the initialization of undefined variables. Therefore, their copy or modified versions should not be added here. The values should be self-contained and concrete, i.e. without assumptions or expected replacements of any code that is not present in the code snippet. In case there are undefined attributes or methods and the attribute or method base is not initialized, initialize the attribute or method base using type(""Mock"", bases, dict), where bases is a tuple containing the base classes that the Mock object inherits from, e.g. object, and dict is a dictionary containing the initialization of the undefined attributes and methods in the code snippet.
initialization: string[];
}
```","[
    {
        ""imports"": [
            ""from flask import Flask"",
            ""import typing as t""
        ],
        ""initialization"": [
            ""self = type('Mock', (object,), {'app_import_path': None, 'create_app': None, 'data': {}, 'set_debug_flag': None, '_loaded_app': None})()"",
            ""app_import_path = ''"",
            ""create_app = lambda script_info: Flask(__name__)"",
            ""set_debug_flag = False""
        ]
    },
    {
        ""imports"": [
            ""from flask import Flask"",
            ""import typing as t""
        ],
        ""initialization"": [
            ""self = type('Mock', (object,), {'app_import_path': None, 'create_app': None, 'data': {}, 'set_debug_flag': None, '_loaded_app': None})()"",
            ""app_import_path = ''"",
            ""create_app = lambda script_info: Flask(__name__)"",
            ""t = type('Mock', (object,), {'Dict': dict, 'Any': object})"",
            ""set_debug_flag = False"",
            ""Flask = Flask""
        ]
    },
    {
        ""imports"": [
            ""from flask import Flask"",
            ""import typing as t""
        ],
        ""initialization"": [
            ""self = type('Mock', (object,), {'app_import_path': None, 'create_app': None, 'data': {}, 'set_debug_flag': None, '_loaded_app': None})()"",
            ""app_import_path = ''"",
            ""create_app = lambda script_info: Flask(__name__)"",
            ""t = type('Mock', (object,), {'Dict': dict, 'Any': object})"",
            ""self.set_debug_flag = False"",
            ""Flask = Flask""
        ]
    },
    {
        ""imports"": [
            ""from flask import Flask"",
            ""import typing as t""
        ],
        ""initialization"": [
            ""self = type('Mock', (object,), {'app_import_path': None, 'create_app': None, 'data': {}, 'set_debug_flag': None, '_loaded_app': None})()"",
            ""app_import_path = ''"",
            ""create_app = lambda script_info: Flask(__name__)"",
            ""t = type('Mock', (object,), {'Dict': dict, 'Any': object})"",
            ""set_debug_flag = False"",
            ""Flask = Flask""
        ]
    },
    {
        ""imports"": [
            ""from flask import Flask"",
            ""import typing as t""
        ],
        ""initialization"": [
            ""self = type('Mock', (object,), {'app_import_path': None, 'create_app': None, 'data': {}, 'set_debug_flag': None, '_loaded_app': None})()"",
            ""app_import_path = ''"",
            ""create_app = lambda script_info: Flask(__name__)"",
            ""t = type('Mock', (object,), {'Dict': dict, 'Any': object})"",
            ""set_debug_flag = False"",
            ""Flask = Flask""
        ]
    },
    {
        ""imports"": [
            ""from flask import Flask"",
            ""import typing as t""
        ],
        ""initialization"": [
            ""self = type('Mock', (object,), {'app_import_path': None, 'create_app': None, 'data': {}, 'set_debug_flag': None, '_loaded_app': None})()"",
            ""app_import_path = 'path.to.app'"",
            ""create_app = lambda script_info: Flask(__name__)"",
            ""t = type('Mock', (object,), {'Dict': dict, 'Any': object})"",
            ""set_debug_flag = True"",
            ""Flask = Flask""
        ]
    },
    {
        ""imports"": [
            ""from flask import Flask"",
            ""import typing as t""
        ],
        ""initialization"": [
            ""self = type('Mock', (object,), {'app_import_path': None, 'create_app': None, 'data': {}, 'set_debug_flag': None, '_loaded_app': None})()"",
            ""app_import_path = ''"",
            ""create_app = lambda script_info: Flask(__name__)"",
            ""t = type('Mock', (object,), {'Dict': dict, 'Any': object})"",
            ""set_debug_flag = False"",
            ""Flask = Flask""
        ]
    },
    {
        ""imports"": [
            ""from flask import Flask"",
            ""import typing as t""
        ],
        ""initialization"": [
            ""self = type('Mock', (object,), {'app_import_path': None, 'create_app': None, 'data': {}, 'set_debug_flag': None, '_loaded_app': None})()"",
            ""app_import_path = ''"",
            ""create_app = lambda script_info: Flask(__name__)"",
            ""t = type('Mock', (object,), {'Dict': dict, 'Any': object})"",
            ""set_debug_flag = False"",
            ""Flask = Flask""
        ]
    },
    {
        ""imports"": [
            ""from flask import Flask"",
            ""import typing as t""
        ],
        ""initialization"": [
            ""self = type('Mock', (object,), {'app_import_path': None, 'create_app': None, 'data': {}, 'set_debug_flag': None, '_loaded_app': None})()"",
            ""app_import_path = ''"",
            ""create_app = lambda script_info: Flask(__name__)"",
            ""t = type('Mock', (object,), {'Dict': dict, 'Any': object})"",
            ""set_debug_flag = False"",
            ""Flask = Flask""
        ]
    },
    {
        ""imports"": [
            ""from flask import Flask"",
            ""import typing as t""
        ],
        ""initialization"": [
            ""self = type('Mock', (object,), {'app_import_path': None, 'create_app': None, 'data': {}, 'set_debug_flag': None, '_loaded_app': None})()"",
            ""app_import_path = 'my_app_path'"",
            ""create_app = lambda script_info: Flask(__name__)"",
            ""t = type('Mock', (object,), {'Dict': dict, 'Any': object})"",
            ""set_debug_flag = False"",
            ""Flask = Flask""
        ]
    }
]","[
    {
        ""imports"": [
            ""from flask import Flask # pragma: no cover"",
            ""import typing as t # pragma: no cover""
        ],
        ""initialization"": [
            ""create_app = lambda script_info: Flask(__name__) # pragma: no cover"",
            ""set_debug_flag = False # pragma: no cover""
        ]
    },
    {
        ""imports"": [
            ""from flask import Flask # pragma: no cover"",
            ""import typing as t # pragma: no cover""
        ],
        ""initialization"": [
            ""create_app = lambda script_info: Flask(__name__) # pragma: no cover"",
            ""t = type('Mock', (object,), {'Dict': dict, 'Any': object}) # pragma: no cover"",
            ""set_debug_flag = False # pragma: no cover"",
            ""Flask = Flask # pragma: no cover""
        ]
    },
    {
        ""imports"": [
            ""from flask import Flask # pragma: no cover"",
            ""import typing as t # pragma: no cover""
        ],
        ""initialization"": [
            ""create_app = lambda script_info: Flask(__name__) # pragma: no cover"",
            ""t = type('Mock', (object,), {'Dict': dict, 'Any': object}) # pragma: no cover"",
            ""self.set_debug_flag = False # pragma: no cover"",
            ""Flask = Flask # pragma: no cover""
        ]
    },
    {
        ""imports"": [
            ""from flask import Flask # pragma: no cover"",
            ""import typing as t # pragma: no cover""
        ],
        ""initialization"": [
            ""create_app = lambda script_info: Flask(__name__) # pragma: no cover"",
            ""t = type('Mock', (object,), {'Dict': dict, 'Any': object}) # pragma: no cover"",
            ""set_debug_flag = False # pragma: no cover"",
            ""Flask = Flask # pragma: no cover""
        ]
    },
    {
        ""imports"": [
            ""from flask import Flask # pragma: no cover"",
            ""import typing as t # pragma: no cover""
        ],
        ""initialization"": [
            ""create_app = lambda script_info: Flask(__name__) # pragma: no cover"",
            ""t = type('Mock', (object,), {'Dict': dict, 'Any': object}) # pragma: no cover"",
            ""set_debug_flag = False # pragma: no cover"",
            ""Flask = Flask # pragma: no cover""
        ]
    },
    {
        ""imports"": [
            ""from flask import Flask # pragma: no cover"",
            ""import typing as t # pragma: no cover""
        ],
        ""initialization"": [
            ""create_app = lambda script_info: Flask(__name__) # pragma: no cover"",
            ""t = type('Mock', (object,), {'Dict': dict, 'Any': object}) # pragma: no cover"",
            ""set_debug_flag = True # pragma: no cover"",
            ""Flask = Flask # pragma: no cover""
        ]
    },
    {
        ""imports"": [
            ""from flask import Flask # pragma: no cover"",
            ""import typing as t # pragma: no cover""
        ],
        ""initialization"": [
            ""create_app = lambda script_info: Flask(__name__) # pragma: no cover"",
            ""t = type('Mock', (object,), {'Dict': dict, 'Any': object}) # pragma: no cover"",
            ""set_debug_flag = False # pragma: no cover"",
            ""Flask = Flask # pragma: no cover""
        ]
    },
    {
        ""imports"": [
            ""from flask import Flask # pragma: no cover"",
            ""import typing as t # pragma: no cover""
        ],
        ""initialization"": [
            ""create_app = lambda script_info: Flask(__name__) # pragma: no cover"",
            ""t = type('Mock', (object,), {'Dict': dict, 'Any': object}) # pragma: no cover"",
            ""set_debug_flag = False # pragma: no cover"",
            ""Flask = Flask # pragma: no cover""
        ]
    },
    {
        ""imports"": [
            ""from flask import Flask # pragma: no cover"",
            ""import typing as t # pragma: no cover""
        ],
        ""initialization"": [
            ""create_app = lambda script_info: Flask(__name__) # pragma: no cover"",
            ""t = type('Mock', (object,), {'Dict': dict, 'Any': object}) # pragma: no cover"",
            ""set_debug_flag = False # pragma: no cover"",
            ""Flask = Flask # pragma: no cover""
        ]
    },
    {
        ""imports"": [
            ""from flask import Flask # pragma: no cover"",
            ""import typing as t # pragma: no cover""
        ],
        ""initialization"": [
            ""create_app = lambda script_info: Flask(__name__) # pragma: no cover"",
            ""t = type('Mock', (object,), {'Dict': dict, 'Any': object}) # pragma: no cover"",
            ""set_debug_flag = False # pragma: no cover"",
            ""Flask = Flask # pragma: no cover""
        ]
    }
]",2,1275,0.0006375,1358,0.002037,0.0026745
"When trying to execute the code snippet with the provided imports and initialization, the following error happens:
# begin error message
Execution error at line 11:
    self.app_import_path = app_import_path
NameError: name 'app_import_path' is not defined
# end error message

Please, provide self-contained and concrete Python fixed values of the imports and initialization to solve the error and make the code snippet executable.
Respond strictly with JSON. The JSON should be compatible with the TypeScript type `Response` from the following:

```ts
interface Response {
// Python import statements needed in the initialization code. One string per import.
imports: string[];
// Python code to initialize the undefined variables and make the code snippet executable. One string per undefined variable. The statements in the code snippet above are not part of the initialization of undefined variables. Therefore, their copy or modified versions should not be added here. The values should be self-contained and concrete, i.e. without assumptions or expected replacements of any code that is not present in the code snippet. In case there are undefined attributes or methods and the attribute or method base is not initialized, initialize the attribute or method base using type(""Mock"", bases, dict), where bases is a tuple containing the base classes that the Mock object inherits from, e.g. object, and dict is a dictionary containing the initialization of the undefined attributes and methods in the code snippet.
initialization: string[];
}
```","[
    {
        ""imports"": [
            ""from flask import Flask"",
            ""import typing as t""
        ],
        ""initialization"": [
            ""self = type('Mock', (object,), {'app_import_path': None, 'create_app': None, 'data': {}, 'set_debug_flag': None, '_loaded_app': None})()"",
            ""app_import_path = 'my_flask_app'"",
            ""create_app = lambda script_info: Flask(__name__)"",
            ""t = type('Mock', (object,), {'Dict': dict, 'Any': object})"",
            ""set_debug_flag = True""
        ]
    },
    {
        ""imports"": [
            ""from flask import Flask"",
            ""import typing as t""
        ],
        ""initialization"": [
            ""self = type('Mock', (object,), {'app_import_path': '', 'create_app': None, 'data': {}, 'set_debug_flag': False, '_loaded_app': None})()"",
            ""app_import_path = 'my_flask_app'"",
            ""create_app = lambda script_info: Flask(__name__)"",
            ""t = type('Mock', (object,), {'Dict': dict, 'Any': object})"",
            ""set_debug_flag = True""
        ]
    },
    {
        ""imports"": [
            ""from flask import Flask"",
            ""import typing as t""
        ],
        ""initialization"": [
            ""self = type('Mock', (object,), {'app_import_path': '', 'create_app': None, 'data': {}, 'set_debug_flag': None, '_loaded_app': None})()"",
            ""app_import_path = 'my_flask_app'"",
            ""create_app = lambda script_info: Flask(__name__)"",
            ""t = type('Mock', (object,), {'Dict': dict, 'Any': object})"",
            ""set_debug_flag = True""
        ]
    },
    {
        ""imports"": [
            ""from flask import Flask"",
            ""import typing as t""
        ],
        ""initialization"": [
            ""self = type('Mock', (object,), {'app_import_path': None, 'create_app': None, 'data': {}, 'set_debug_flag': None, '_loaded_app': None})()"",
            ""app_import_path = 'my_flask_app'"",
            ""create_app = lambda script_info: Flask(__name__)"",
            ""t = type('Mock', (object,), {'Dict': dict, 'Any': object})"",
            ""set_debug_flag = True""
        ]
    },
    {
        ""imports"": [
            ""from flask import Flask"",
            ""import typing as t""
        ],
        ""initialization"": [
            ""self = type('Mock', (object,), {'app_import_path': None, 'create_app': None, 'data': {}, 'set_debug_flag': None, '_loaded_app': None})()"",
            ""app_import_path = 'my_flask_app'"",
            ""create_app = lambda script_info: Flask(__name__)"",
            ""t = type('Mock', (object,), {'Dict': dict, 'Any': object})"",
            ""set_debug_flag = True"",
            ""self.app_import_path = app_import_path"",
            ""self.create_app = create_app"",
            ""self.set_debug_flag = set_debug_flag""
        ]
    },
    {
        ""imports"": [
            ""from flask import Flask"",
            ""import typing as t""
        ],
        ""initialization"": [
            ""self = type('Mock', (object,), {'app_import_path': '', 'create_app': None, 'data': {}, 'set_debug_flag': False, '_loaded_app': None})()"",
            ""app_import_path = 'my_flask_app'"",
            ""create_app = lambda script_info: Flask(__name__)"",
            ""t = type('Mock', (object,), {'Dict': dict, 'Any': object})"",
            ""set_debug_flag = True""
        ]
    },
    {
        ""imports"": [
            ""from flask import Flask"",
            ""import typing as t""
        ],
        ""initialization"": [
            ""self = type('Mock', (object,), {'app_import_path': None, 'create_app': None, 'data': {}, 'set_debug_flag': None, '_loaded_app': None})()"",
            ""app_import_path = 'my_flask_app'"",
            ""create_app = lambda script_info: Flask(__name__)"",
            ""t = type('Mock', (object,), {'Dict': dict, 'Any': object})"",
            ""set_debug_flag = True"",
            ""self.app_import_path = app_import_path"",
            ""self.create_app = create_app"",
            ""self.data = {}"",
            ""self.set_debug_flag = set_debug_flag"",
            ""self._loaded_app = None""
        ]
    },
    {
        ""imports"": [
            ""from flask import Flask"",
            ""import typing as t""
        ],
        ""initialization"": [
            ""self = type('Mock', (object,), {'app_import_path': '', 'create_app': None, 'data': {}, 'set_debug_flag': False, '_loaded_app': None})()"",
            ""app_import_path = 'app_import_path'"",
            ""create_app = lambda script_info: Flask(__name__)"",
            ""set_debug_flag = True""
        ]
    },
    {
        ""imports"": [
            ""from flask import Flask"",
            ""import typing as t""
        ],
        ""initialization"": [
            ""self = type('Mock', (object,), {'app_import_path': None, 'create_app': None, 'data': {}, 'set_debug_flag': None, '_loaded_app': None})()"",
            ""app_import_path = 'my_flask_app'"",
            ""create_app = lambda script_info: Flask(__name__)"",
            ""t = type('Mock', (object,), {'Dict': dict, 'Any': object})"",
            ""set_debug_flag = True""
        ]
    },
    {
        ""imports"": [
            ""from flask import Flask"",
            ""import typing as t""
        ],
        ""initialization"": [
            ""self = type('Mock', (object,), {'app_import_path': '', 'create_app': None, 'data': {}, 'set_debug_flag': None, '_loaded_app': None})()"",
            ""app_import_path = 'my_flask_app'"",
            ""create_app = lambda script_info: Flask(__name__)"",
            ""t = type('Mock', (object,), {'Dict': dict, 'Any': object})"",
            ""set_debug_flag = True""
        ]
    }
]","[
    {
        ""imports"": [
            ""from flask import Flask # pragma: no cover"",
            ""import typing as t # pragma: no cover""
        ],
        ""initialization"": [
            ""create_app = lambda script_info: Flask(__name__) # pragma: no cover"",
            ""t = type('Mock', (object,), {'Dict': dict, 'Any': object}) # pragma: no cover"",
            ""set_debug_flag = True # pragma: no cover""
        ]
    },
    {
        ""imports"": [
            ""from flask import Flask # pragma: no cover"",
            ""import typing as t # pragma: no cover""
        ],
        ""initialization"": [
            ""create_app = lambda script_info: Flask(__name__) # pragma: no cover"",
            ""t = type('Mock', (object,), {'Dict': dict, 'Any': object}) # pragma: no cover"",
            ""set_debug_flag = True # pragma: no cover""
        ]
    },
    {
        ""imports"": [
            ""from flask import Flask # pragma: no cover"",
            ""import typing as t # pragma: no cover""
        ],
        ""initialization"": [
            ""create_app = lambda script_info: Flask(__name__) # pragma: no cover"",
            ""t = type('Mock', (object,), {'Dict': dict, 'Any': object}) # pragma: no cover"",
            ""set_debug_flag = True # pragma: no cover""
        ]
    },
    {
        ""imports"": [
            ""from flask import Flask # pragma: no cover"",
            ""import typing as t # pragma: no cover""
        ],
        ""initialization"": [
            ""create_app = lambda script_info: Flask(__name__) # pragma: no cover"",
            ""t = type('Mock', (object,), {'Dict': dict, 'Any': object}) # pragma: no cover"",
            ""set_debug_flag = True # pragma: no cover""
        ]
    },
    {
        ""imports"": [
            ""from flask import Flask # pragma: no cover"",
            ""import typing as t # pragma: no cover""
        ],
        ""initialization"": [
            ""create_app = lambda script_info: Flask(__name__) # pragma: no cover"",
            ""t = type('Mock', (object,), {'Dict': dict, 'Any': object}) # pragma: no cover"",
            ""set_debug_flag = True # pragma: no cover"",
            ""self.create_app = create_app # pragma: no cover"",
            ""self.set_debug_flag = set_debug_flag # pragma: no cover""
        ]
    },
    {
        ""imports"": [
            ""from flask import Flask # pragma: no cover"",
            ""import typing as t # pragma: no cover""
        ],
        ""initialization"": [
            ""create_app = lambda script_info: Flask(__name__) # pragma: no cover"",
            ""t = type('Mock', (object,), {'Dict': dict, 'Any': object}) # pragma: no cover"",
            ""set_debug_flag = True # pragma: no cover""
        ]
    },
    {
        ""imports"": [
            ""from flask import Flask # pragma: no cover"",
            ""import typing as t # pragma: no cover""
        ],
        ""initialization"": [
            ""create_app = lambda script_info: Flask(__name__) # pragma: no cover"",
            ""t = type('Mock', (object,), {'Dict': dict, 'Any': object}) # pragma: no cover"",
            ""set_debug_flag = True # pragma: no cover"",
            ""self.create_app = create_app # pragma: no cover"",
            ""self.data = {} # pragma: no cover"",
            ""self.set_debug_flag = set_debug_flag # pragma: no cover"",
            ""self._loaded_app = None # pragma: no cover""
        ]
    },
    {
        ""imports"": [
            ""from flask import Flask # pragma: no cover"",
            ""import typing as t # pragma: no cover""
        ],
        ""initialization"": [
            ""create_app = lambda script_info: Flask(__name__) # pragma: no cover"",
            ""set_debug_flag = True # pragma: no cover""
        ]
    },
    {
        ""imports"": [
            ""from flask import Flask # pragma: no cover"",
            ""import typing as t # pragma: no cover""
        ],
        ""initialization"": [
            ""create_app = lambda script_info: Flask(__name__) # pragma: no cover"",
            ""t = type('Mock', (object,), {'Dict': dict, 'Any': object}) # pragma: no cover"",
            ""set_debug_flag = True # pragma: no cover""
        ]
    },
    {
        ""imports"": [
            ""from flask import Flask # pragma: no cover"",
            ""import typing as t # pragma: no cover""
        ],
        ""initialization"": [
            ""create_app = lambda script_info: Flask(__name__) # pragma: no cover"",
            ""t = type('Mock', (object,), {'Dict': dict, 'Any': object}) # pragma: no cover"",
            ""set_debug_flag = True # pragma: no cover""
        ]
    }
]",2,1635,0.0008175,1400,0.0021,0.0029175
"When trying to execute the code snippet with the provided imports and initialization, the following error happens:
# begin error message
Execution error at line 10:
    self.app_import_path = app_import_path
NameError: name 'app_import_path' is not defined
# end error message

Please, provide self-contained and concrete Python fixed values of the imports and initialization to solve the error and make the code snippet executable.
Respond strictly with JSON. The JSON should be compatible with the TypeScript type `Response` from the following:

```ts
interface Response {
// Python import statements needed in the initialization code. One string per import.
imports: string[];
// Python code to initialize the undefined variables and make the code snippet executable. One string per undefined variable. The statements in the code snippet above are not part of the initialization of undefined variables. Therefore, their copy or modified versions should not be added here. The values should be self-contained and concrete, i.e. without assumptions or expected replacements of any code that is not present in the code snippet. In case there are undefined attributes or methods and the attribute or method base is not initialized, initialize the attribute or method base using type(""Mock"", bases, dict), where bases is a tuple containing the base classes that the Mock object inherits from, e.g. object, and dict is a dictionary containing the initialization of the undefined attributes and methods in the code snippet.
initialization: string[];
}
```","[
    {
        ""imports"": [
            ""from flask import Flask"",
            ""import typing as t""
        ],
        ""initialization"": [
            ""self = type('Mock', (object,), {'app_import_path': None, 'create_app': None, 'data': {}, 'set_debug_flag': None, '_loaded_app': None})()"",
            ""app_import_path = 'my_flask_app'"",
            ""create_app = lambda script_info: Flask(__name__)"",
            ""self.app_import_path = app_import_path"",
            ""self.create_app = create_app"",
            ""self.data: t.Dict[t.Any, t.Any] = {}"",
            ""t = type('Mock', (object,), {'Dict': dict, 'Any': object})()"",
            ""set_debug_flag = True"",
            ""self.set_debug_flag = set_debug_flag"",
            ""self._loaded_app: Flask | None = None""
        ]
    },
    {
        ""imports"": [
            ""from flask import Flask"",
            ""import typing as t""
        ],
        ""initialization"": [
            ""self = type('Mock', (object,), {'app_import_path': None, 'create_app': None, 'data': {}, 'set_debug_flag': None, '_loaded_app': None})()"",
            ""app_import_path = 'my_flask_app'"",
            ""create_app = lambda script_info: Flask(__name__)"",
            ""t = type('Mock', (object,), {'Dict': dict, 'Any': object})()"",
            ""set_debug_flag = True""
        ]
    },
    {
        ""imports"": [
            ""from flask import Flask"",
            ""import typing as t""
        ],
        ""initialization"": [
            ""self = type('Mock', (object,), {'app_import_path': None, 'create_app': None, 'data': {}, 'set_debug_flag': None, '_loaded_app': None})()"",
            ""app_import_path = 'my_flask_app'"",
            ""create_app = lambda x: Flask(__name__)"",
            ""t = type('Mock', (object,), {'Dict': dict, 'Any': object})"",
            ""set_debug_flag = True""
        ]
    },
    {
        ""imports"": [
            ""from flask import Flask"",
            ""import typing as t""
        ],
        ""initialization"": [
            ""self = type('Mock', (object,), {'app_import_path': None, 'create_app': None, 'data': {}, 'set_debug_flag': None, '_loaded_app': None})()"",
            ""app_import_path = 'my_flask_app'"",
            ""create_app = lambda x: Flask('my_flask_app')"",
            ""t = type('Mock', (object,), {'Dict': dict, 'Any': object})()"",
            ""set_debug_flag = True"",
            ""Flask = Flask""
        ]
    },
    {
        ""imports"": [
            ""from flask import Flask"",
            ""import typing as t""
        ],
        ""initialization"": [
            ""self = type('Mock', (object,), {'app_import_path': None, 'create_app': None, 'data': {}, 'set_debug_flag': None, '_loaded_app': None})()"",
            ""app_import_path = 'my_flask_app'"",
            ""create_app = lambda x: Flask(__name__)"",
            ""t = type('Mock', (object,), {'Dict': dict, 'Any': object})"",
            ""set_debug_flag = True""
        ]
    },
    {
        ""imports"": [
            ""from flask import Flask"",
            ""import typing as t""
        ],
        ""initialization"": [
            ""self = type('Mock', (object,), {'app_import_path': None, 'create_app': None, 'data': {}, 'set_debug_flag': None, '_loaded_app': None})()"",
            ""app_import_path = 'my_flask_app'"",
            ""create_app = lambda script_info: Flask(__name__)"",
            ""t = type('Mock', (object,), {'Dict': dict, 'Any': object})"",
            ""set_debug_flag = True""
        ]
    },
    {
        ""imports"": [
            ""from flask import Flask"",
            ""import typing as t""
        ],
        ""initialization"": [
            ""self = type('Mock', (object,), {'app_import_path': None, 'create_app': None, 'data': {}, 'set_debug_flag': None, '_loaded_app': None})()"",
            ""app_import_path = 'my_flask_app'"",
            ""create_app = lambda script_info: Flask(__name__)"",
            ""t = type('Mock', (object,), {'Dict': dict, 'Any': object})()"",
            ""set_debug_flag = True"",
            ""Flask = Flask""
        ]
    },
    {
        ""imports"": [
            ""from flask import Flask"",
            ""import typing as t""
        ],
        ""initialization"": [
            ""app_import_path = 'my_flask_app'"",
            ""create_app = lambda x: Flask(__name__)"",
            ""t = type('Mock', (object,), {'Dict': dict, 'Any': object})"",
            ""set_debug_flag = True"",
            ""self = type('Mock', (object,), {'app_import_path': app_import_path, 'create_app': create_app, 'data': {}, 'set_debug_flag': set_debug_flag, '_loaded_app': None})()"",
            ""Flask = Flask""
        ]
    },
    {
        ""imports"": [
            ""from flask import Flask"",
            ""import typing as t""
        ],
        ""initialization"": [
            ""self = type('Mock', (object,), {'app_import_path': None, 'create_app': None, 'data': {}, 'set_debug_flag': None, '_loaded_app': None})()"",
            ""self.app_import_path = 'my_flask_app'"",
            ""self.create_app = lambda x: Flask(__name__)"",
            ""self.data = {}"",
            ""t = type('Mock', (object,), {'Dict': dict, 'Any': object})"",
            ""self.set_debug_flag = True"",
            ""self._loaded_app = None""
        ]
    },
    {
        ""imports"": [
            ""from flask import Flask"",
            ""import typing as t""
        ],
        ""initialization"": [
            ""self = type('Mock', (object,), {'app_import_path': None, 'create_app': None, 'data': {}, 'set_debug_flag': None, '_loaded_app': None})()"",
            ""app_import_path = 'import.path.to.flask.app'"",
            ""create_app = lambda script_info: Flask(__name__)"",
            ""t = type('Mock', (object,), {'Dict': dict, 'Any': object})"",
            ""set_debug_flag = True""
        ]
    }
]","[
    {
        ""imports"": [
            ""from flask import Flask # pragma: no cover"",
            ""import typing as t # pragma: no cover""
        ],
        ""initialization"": [
            ""create_app = lambda script_info: Flask(__name__) # pragma: no cover"",
            ""self.create_app = create_app # pragma: no cover"",
            ""self.data: t.Dict[t.Any, t.Any] = {} # pragma: no cover"",
            ""t = type('Mock', (object,), {'Dict': dict, 'Any': object})() # pragma: no cover"",
            ""set_debug_flag = True # pragma: no cover"",
            ""self.set_debug_flag = set_debug_flag # pragma: no cover""
        ]
    },
    {
        ""imports"": [
            ""from flask import Flask # pragma: no cover"",
            ""import typing as t # pragma: no cover""
        ],
        ""initialization"": [
            ""create_app = lambda script_info: Flask(__name__) # pragma: no cover"",
            ""t = type('Mock', (object,), {'Dict': dict, 'Any': object})() # pragma: no cover"",
            ""set_debug_flag = True # pragma: no cover""
        ]
    },
    {
        ""imports"": [
            ""from flask import Flask # pragma: no cover"",
            ""import typing as t # pragma: no cover""
        ],
        ""initialization"": [
            ""create_app = lambda x: Flask(__name__) # pragma: no cover"",
            ""t = type('Mock', (object,), {'Dict': dict, 'Any': object}) # pragma: no cover"",
            ""set_debug_flag = True # pragma: no cover""
        ]
    },
    {
        ""imports"": [
            ""from flask import Flask # pragma: no cover"",
            ""import typing as t # pragma: no cover""
        ],
        ""initialization"": [
            ""create_app = lambda x: Flask('my_flask_app') # pragma: no cover"",
            ""t = type('Mock', (object,), {'Dict': dict, 'Any': object})() # pragma: no cover"",
            ""set_debug_flag = True # pragma: no cover"",
            ""Flask = Flask # pragma: no cover""
        ]
    },
    {
        ""imports"": [
            ""from flask import Flask # pragma: no cover"",
            ""import typing as t # pragma: no cover""
        ],
        ""initialization"": [
            ""create_app = lambda x: Flask(__name__) # pragma: no cover"",
            ""t = type('Mock', (object,), {'Dict': dict, 'Any': object}) # pragma: no cover"",
            ""set_debug_flag = True # pragma: no cover""
        ]
    },
    {
        ""imports"": [
            ""from flask import Flask # pragma: no cover"",
            ""import typing as t # pragma: no cover""
        ],
        ""initialization"": [
            ""create_app = lambda script_info: Flask(__name__) # pragma: no cover"",
            ""t = type('Mock', (object,), {'Dict': dict, 'Any': object}) # pragma: no cover"",
            ""set_debug_flag = True # pragma: no cover""
        ]
    },
    {
        ""imports"": [
            ""from flask import Flask # pragma: no cover"",
            ""import typing as t # pragma: no cover""
        ],
        ""initialization"": [
            ""create_app = lambda script_info: Flask(__name__) # pragma: no cover"",
            ""t = type('Mock', (object,), {'Dict': dict, 'Any': object})() # pragma: no cover"",
            ""set_debug_flag = True # pragma: no cover"",
            ""Flask = Flask # pragma: no cover""
        ]
    },
    {
        ""imports"": [
            ""from flask import Flask # pragma: no cover"",
            ""import typing as t # pragma: no cover""
        ],
        ""initialization"": [
            ""create_app = lambda x: Flask(__name__) # pragma: no cover"",
            ""t = type('Mock', (object,), {'Dict': dict, 'Any': object}) # pragma: no cover"",
            ""set_debug_flag = True # pragma: no cover"",
            ""Flask = Flask # pragma: no cover""
        ]
    },
    {
        ""imports"": [
            ""from flask import Flask # pragma: no cover"",
            ""import typing as t # pragma: no cover""
        ],
        ""initialization"": [
            ""self.create_app = lambda x: Flask(__name__) # pragma: no cover"",
            ""self.data = {} # pragma: no cover"",
            ""t = type('Mock', (object,), {'Dict': dict, 'Any': object}) # pragma: no cover"",
            ""self.set_debug_flag = True # pragma: no cover"",
            ""self._loaded_app = None # pragma: no cover""
        ]
    },
    {
        ""imports"": [
            ""from flask import Flask # pragma: no cover"",
            ""import typing as t # pragma: no cover""
        ],
        ""initialization"": [
            ""create_app = lambda script_info: Flask(__name__) # pragma: no cover"",
            ""t = type('Mock', (object,), {'Dict': dict, 'Any': object}) # pragma: no cover"",
            ""set_debug_flag = True # pragma: no cover""
        ]
    }
]",2,1689,0.0008445,1459,0.0021885,0.003033
"When trying to execute the code snippet with the provided imports and initialization, the following error happens:
# begin error message
Execution error at line 10:
    self.app_import_path = app_import_path
NameError: name 'app_import_path' is not defined
# end error message

Please, provide self-contained and concrete Python fixed values of the imports and initialization to solve the error and make the code snippet executable.
Respond strictly with JSON. The JSON should be compatible with the TypeScript type `Response` from the following:

```ts
interface Response {
// Python import statements needed in the initialization code. One string per import.
imports: string[];
// Python code to initialize the undefined variables and make the code snippet executable. One string per undefined variable. The statements in the code snippet above are not part of the initialization of undefined variables. Therefore, their copy or modified versions should not be added here. The values should be self-contained and concrete, i.e. without assumptions or expected replacements of any code that is not present in the code snippet. In case there are undefined attributes or methods and the attribute or method base is not initialized, initialize the attribute or method base using type(""Mock"", bases, dict), where bases is a tuple containing the base classes that the Mock object inherits from, e.g. object, and dict is a dictionary containing the initialization of the undefined attributes and methods in the code snippet.
initialization: string[];
}
```","[
    {
        ""imports"": [
            ""from flask import Flask"",
            ""import typing as t""
        ],
        ""initialization"": [
            ""self = type('Mock', (object,), {'app_import_path': None, 'create_app': None, 'data': {}, 'set_debug_flag': None, '_loaded_app': None})()"",
            ""app_import_path = 'my_flask_app'"",
            ""create_app = lambda script_info: Flask(__name__)"",
            ""t = type('Mock', (object,), {'Dict': dict, 'Any': object})"",
            ""set_debug_flag = False"",
            ""self.app_import_path = app_import_path"",
            ""self.create_app = create_app"",
            ""self.data = {}"",
            ""self.set_debug_flag = set_debug_flag"",
            ""self._loaded_app = None""
        ]
    },
    {
        ""imports"": [
            ""from flask import Flask"",
            ""import typing as t""
        ],
        ""initialization"": [
            ""self = type('Mock', (object,), {'app_import_path': '', 'create_app': None, 'data': {}, 'set_debug_flag': False, '_loaded_app': None})()"",
            ""app_import_path = 'my_flask_app'"",
            ""create_app = lambda script_info: Flask(__name__)"",
            ""t = type('Mock', (object,), {'Dict': dict, 'Any': object})()"",
            ""set_debug_flag = True""
        ]
    },
    {
        ""imports"": [
            ""from flask import Flask"",
            ""import typing as t""
        ],
        ""initialization"": [
            ""self = type('Mock', (object,), {})()"",
            ""self.app_import_path = 'my_flask_app'"",
            ""self.create_app = lambda script_info: Flask(__name__)"",
            ""self.data = {}"",
            ""self.set_debug_flag = lambda: None"",
            ""self._loaded_app = None""
        ]
    },
    {
        ""imports"": [
            ""from flask import Flask"",
            ""import typing as t""
        ],
        ""initialization"": [
            ""self = type('Mock', (object,), {'app_import_path': '', 'create_app': None, 'data': {}, 'set_debug_flag': None, '_loaded_app': None})()"",
            ""app_import_path = 'my_flask_app'"",
            ""create_app = lambda script_info: Flask(__name__)"",
            ""t = type('Mock', (object,), {'Dict': dict, 'Any': object})"",
            ""set_debug_flag = True""
        ]
    },
    {
        ""imports"": [
            ""from flask import Flask"",
            ""import typing as t""
        ],
        ""initialization"": [
            ""self = type('Mock', (object,), {'app_import_path': None, 'create_app': None, 'data': {}, 'set_debug_flag': None, '_loaded_app': None})()"",
            ""self.app_import_path = 'my_flask_app'"",
            ""self.create_app = lambda script_info: Flask(__name__)"",
            ""t = type('Mock', (object,), {'Dict': dict, 'Any': object})()"",
            ""self.set_debug_flag = lambda: None""
        ]
    },
    {
        ""imports"": [
            ""from flask import Flask"",
            ""import typing as t""
        ],
        ""initialization"": [
            ""self = type('Mock', (object,), {'app_import_path': None, 'create_app': None, 'data': {}, 'set_debug_flag': None, '_loaded_app': None})()"",
            ""self.app_import_path = 'my_flask_app'"",
            ""self.create_app = lambda script_info: Flask(__name__)"",
            ""t = type('Mock', (object,), {'Dict': dict, 'Any': object})()"",
            ""self.set_debug_flag = lambda: None""
        ]
    },
    {
        ""imports"": [
            ""from flask import Flask"",
            ""import typing as t""
        ],
        ""initialization"": [
            ""app_import_path = 'my_flask_app'"",
            ""create_app = lambda script_info: Flask(__name__)"",
            ""t = type('Mock', (object,), {'Dict': dict, 'Any': object})"",
            ""set_debug_flag = lambda: None"",
            ""self = type('Mock', (object,), {'app_import_path': app_import_path, 'create_app': create_app, 'data': {}, 'set_debug_flag': set_debug_flag, '_loaded_app': None})()""
        ]
    },
    {
        ""imports"": [
            ""from flask import Flask"",
            ""import typing as t""
        ],
        ""initialization"": [
            ""self = type('Mock', (object,), {'app_import_path': None, 'create_app': None, 'data': {}, 'set_debug_flag': None, '_loaded_app': None})()"",
            ""self.app_import_path = 'my_flask_app'"",
            ""self.create_app = lambda script_info: Flask(__name__)"",
            ""t = type('Mock', (object,), {'Dict': dict, 'Any': object})()"",
            ""self.set_debug_flag = lambda: None""
        ]
    },
    {
        ""imports"": [
            ""from flask import Flask"",
            ""import typing as t""
        ],
        ""initialization"": [
            ""self = type('Mock', (object,), {'app_import_path': None, 'create_app': None, 'data': {}, 'set_debug_flag': None, '_loaded_app': None})()"",
            ""self.app_import_path = 'my_flask_app'"",
            ""self.create_app = lambda script_info: Flask(__name__)"",
            ""t = type('Mock', (object,), {'Dict': dict, 'Any': object})()"",
            ""self.set_debug_flag = lambda: None""
        ]
    },
    {
        ""imports"": [
            ""from flask import Flask"",
            ""import typing as t""
        ],
        ""initialization"": [
            ""app_import_path = 'my_flask_app'"",
            ""create_app = lambda script_info: Flask(__name__)"",
            ""t = type('Mock', (object,), {'Dict': dict, 'Any': object})"",
            ""set_debug_flag = True"",
            ""self = type('Mock', (object,), {'app_import_path': app_import_path, 'create_app': create_app, 'data': {}, 'set_debug_flag': set_debug_flag, '_loaded_app': None})()""
        ]
    }
]","[
    {
        ""imports"": [
            ""from flask import Flask # pragma: no cover"",
            ""import typing as t # pragma: no cover""
        ],
        ""initialization"": [
            ""create_app = lambda script_info: Flask(__name__) # pragma: no cover"",
            ""t = type('Mock', (object,), {'Dict': dict, 'Any': object}) # pragma: no cover"",
            ""set_debug_flag = False # pragma: no cover"",
            ""self.create_app = create_app # pragma: no cover"",
            ""self.data = {} # pragma: no cover"",
            ""self.set_debug_flag = set_debug_flag # pragma: no cover"",
            ""self._loaded_app = None # pragma: no cover""
        ]
    },
    {
        ""imports"": [
            ""from flask import Flask # pragma: no cover"",
            ""import typing as t # pragma: no cover""
        ],
        ""initialization"": [
            ""create_app = lambda script_info: Flask(__name__) # pragma: no cover"",
            ""t = type('Mock', (object,), {'Dict': dict, 'Any': object})() # pragma: no cover"",
            ""set_debug_flag = True # pragma: no cover""
        ]
    },
    {
        ""imports"": [
            ""from flask import Flask # pragma: no cover"",
            ""import typing as t # pragma: no cover""
        ],
        ""initialization"": [
            ""self = type('Mock', (object,), {})() # pragma: no cover"",
            ""self.create_app = lambda script_info: Flask(__name__) # pragma: no cover"",
            ""self.data = {} # pragma: no cover"",
            ""self.set_debug_flag = lambda: None # pragma: no cover"",
            ""self._loaded_app = None # pragma: no cover""
        ]
    },
    {
        ""imports"": [
            ""from flask import Flask # pragma: no cover"",
            ""import typing as t # pragma: no cover""
        ],
        ""initialization"": [
            ""create_app = lambda script_info: Flask(__name__) # pragma: no cover"",
            ""t = type('Mock', (object,), {'Dict': dict, 'Any': object}) # pragma: no cover"",
            ""set_debug_flag = True # pragma: no cover""
        ]
    },
    {
        ""imports"": [
            ""from flask import Flask # pragma: no cover"",
            ""import typing as t # pragma: no cover""
        ],
        ""initialization"": [
            ""self.create_app = lambda script_info: Flask(__name__) # pragma: no cover"",
            ""t = type('Mock', (object,), {'Dict': dict, 'Any': object})() # pragma: no cover"",
            ""self.set_debug_flag = lambda: None # pragma: no cover""
        ]
    },
    {
        ""imports"": [
            ""from flask import Flask # pragma: no cover"",
            ""import typing as t # pragma: no cover""
        ],
        ""initialization"": [
            ""self.create_app = lambda script_info: Flask(__name__) # pragma: no cover"",
            ""t = type('Mock', (object,), {'Dict': dict, 'Any': object})() # pragma: no cover"",
            ""self.set_debug_flag = lambda: None # pragma: no cover""
        ]
    },
    {
        ""imports"": [
            ""from flask import Flask # pragma: no cover"",
            ""import typing as t # pragma: no cover""
        ],
        ""initialization"": [
            ""create_app = lambda script_info: Flask(__name__) # pragma: no cover"",
            ""t = type('Mock', (object,), {'Dict': dict, 'Any': object}) # pragma: no cover"",
            ""set_debug_flag = lambda: None # pragma: no cover""
        ]
    },
    {
        ""imports"": [
            ""from flask import Flask # pragma: no cover"",
            ""import typing as t # pragma: no cover""
        ],
        ""initialization"": [
            ""self.create_app = lambda script_info: Flask(__name__) # pragma: no cover"",
            ""t = type('Mock', (object,), {'Dict': dict, 'Any': object})() # pragma: no cover"",
            ""self.set_debug_flag = lambda: None # pragma: no cover""
        ]
    },
    {
        ""imports"": [
            ""from flask import Flask # pragma: no cover"",
            ""import typing as t # pragma: no cover""
        ],
        ""initialization"": [
            ""self.create_app = lambda script_info: Flask(__name__) # pragma: no cover"",
            ""t = type('Mock', (object,), {'Dict': dict, 'Any': object})() # pragma: no cover"",
            ""self.set_debug_flag = lambda: None # pragma: no cover""
        ]
    },
    {
        ""imports"": [
            ""from flask import Flask # pragma: no cover"",
            ""import typing as t # pragma: no cover""
        ],
        ""initialization"": [
            ""create_app = lambda script_info: Flask(__name__) # pragma: no cover"",
            ""t = type('Mock', (object,), {'Dict': dict, 'Any': object}) # pragma: no cover"",
            ""set_debug_flag = True # pragma: no cover""
        ]
    }
]",2,2069,0.0010345,1402,0.002103,0.0031374999999999
"When trying to execute the code snippet with the provided imports and initialization, the following error happens:
# begin error message
Execution error at line 11:
    self.app_import_path = app_import_path
NameError: name 'app_import_path' is not defined
# end error message

Please, provide self-contained and concrete Python fixed values of the imports and initialization to solve the error and make the code snippet executable.
Respond strictly with JSON. The JSON should be compatible with the TypeScript type `Response` from the following:

```ts
interface Response {
// Python import statements needed in the initialization code. One string per import.
imports: string[];
// Python code to initialize the undefined variables and make the code snippet executable. One string per undefined variable. The statements in the code snippet above are not part of the initialization of undefined variables. Therefore, their copy or modified versions should not be added here. The values should be self-contained and concrete, i.e. without assumptions or expected replacements of any code that is not present in the code snippet. In case there are undefined attributes or methods and the attribute or method base is not initialized, initialize the attribute or method base using type(""Mock"", bases, dict), where bases is a tuple containing the base classes that the Mock object inherits from, e.g. object, and dict is a dictionary containing the initialization of the undefined attributes and methods in the code snippet.
initialization: string[];
}
```","[
    {
        ""imports"": [
            ""from typing import Dict, Any"",
            ""from flask import Flask""
        ],
        ""initialization"": [
            ""app_import_path = 'my_flask_app'"",
            ""create_app = lambda x: Flask(__name__)"",
            ""t = type('Mock', (object,), {'Dict': Dict, 'Any': Any})"",
            ""set_debug_flag = False"",
            ""self = type('Mock', (object,), {'app_import_path': app_import_path, 'create_app': create_app, 'data': {}, 'set_debug_flag': set_debug_flag, '_loaded_app': None})()"",
            ""Flask = Flask""
        ]
    },
    {
        ""imports"": [
            ""from flask import Flask"",
            ""import typing as t""
        ],
        ""initialization"": [
            ""self = type('Mock', (object,), {'app_import_path': None, 'create_app': None, 'data': {}, 'set_debug_flag': None, '_loaded_app': None})()"",
            ""app_import_path = ''"",
            ""create_app = lambda script_info: Flask(__name__)"",
            ""t = type('Mock', (object,), {'Dict': dict, 'Any': object})"",
            ""set_debug_flag = False"",
            ""Flask = Flask""
        ]
    },
    {
        ""imports"": [
            ""from typing import Dict, Any"",
            ""from flask import Flask""
        ],
        ""initialization"": [
            ""self = type('Mock', (object,), {'app_import_path': None, 'create_app': None, 'data': {}, 'set_debug_flag': None, '_loaded_app': None})()"",
            ""app_import_path = 'my_flask_app'"",
            ""create_app = lambda script_info: Flask(__name__)"",
            ""t = type('Mock', (object,), {'Dict': Dict, 'Any': Any})"",
            ""set_debug_flag = False"",
            ""Flask = Flask""
        ]
    },
    {
        ""imports"": [
            ""from flask import Flask"",
            ""import typing as t""
        ],
        ""initialization"": [
            ""self = type('Mock', (object,), {'app_import_path': None, 'create_app': None, 'data': {}, 'set_debug_flag': None, '_loaded_app': None})()"",
            ""app_import_path = 'my_flask_app'"",
            ""create_app = lambda script_info: None"",
            ""t = type('Mock', (object,), {'Dict': dict, 'Any': object})()"",
            ""set_debug_flag = False""
        ]
    },
    {
        ""imports"": [
            ""from flask import Flask"",
            ""import typing as t""
        ],
        ""initialization"": [
            ""self = type('Mock', (object,), {})()"",
            ""app_import_path = ''"",
            ""create_app = lambda script_info: Flask(__name__)"",
            ""t = type('Mock', (object,), {'Dict': dict, 'Any': object})"",
            ""set_debug_flag = True"",
            ""Flask = Flask""
        ]
    },
    {
        ""imports"": [
            ""from flask import Flask"",
            ""import typing as t""
        ],
        ""initialization"": [
            ""app_import_path = 'my_flask_app'"",
            ""create_app = lambda script_info: Flask(__name__)"",
            ""set_debug_flag = True"",
            ""Flask = Flask"",
            ""self = type('Mock', (object,), {'app_import_path': app_import_path, 'create_app': create_app, 'data': {}, 'set_debug_flag': set_debug_flag, '_loaded_app': None})()"",
            ""t = type('Mock', (object,), {'Dict': dict, 'Any': object})""
        ]
    },
    {
        ""imports"": [
            ""from typing import Dict, Any"",
            ""from flask import Flask""
        ],
        ""initialization"": [
            ""self = type('Mock', (object,), {'app_import_path': None, 'create_app': None, 'data': {}, 'set_debug_flag': None, '_loaded_app': None})()"",
            ""app_import_path = 'my_flask_app'"",
            ""create_app = lambda script_info: Flask(__name__)"",
            ""t = type('Mock', (object,), {'Dict': Dict, 'Any': Any})"",
            ""set_debug_flag = True""
        ]
    },
    {
        ""imports"": [
            ""from flask import Flask"",
            ""import typing as t""
        ],
        ""initialization"": [
            ""app_import_path = None"",
            ""create_app = lambda script_info: Flask(__name__)"",
            ""t = type('Mock', (object,), {'Dict': dict, 'Any': object})"",
            ""set_debug_flag = False"",
            ""Flask = Flask"",
            ""self = type('Mock', (object,), {'app_import_path': app_import_path, 'create_app': create_app, 'data': {}, 'set_debug_flag': set_debug_flag, '_loaded_app': None})()""
        ]
    },
    {
        ""imports"": [
            ""from flask import Flask"",
            ""import typing as t""
        ],
        ""initialization"": [
            ""self = type('Mock', (object,), {'app_import_path': None, 'create_app': None, 'data': {}, 'set_debug_flag': None, '_loaded_app': None})()"",
            ""app_import_path = ''"",
            ""self.app_import_path = app_import_path"",
            ""create_app = lambda script_info: Flask(__name__)"",
            ""self.create_app = create_app"",
            ""t = type('Mock', (object,), {'Dict': dict, 'Any': object})"",
            ""self.data = {}"",
            ""set_debug_flag = False"",
            ""self.set_debug_flag = set_debug_flag"",
            ""Flask = Flask"",
            ""self._loaded_app = None""
        ]
    },
    {
        ""imports"": [
            ""from typing import Dict, Any"",
            ""from flask import Flask""
        ],
        ""initialization"": [
            ""self = type('Mock', (object,), {'app_import_path': None, 'create_app': None, 'data': {}, 'set_debug_flag': None, '_loaded_app': None})()"",
            ""app_import_path = 'my_flask_app'"",
            ""create_app = lambda script_info: Flask(__name__)"",
            ""t = type('Mock', (object,), {'Dict': Dict, 'Any': Any})"",
            ""set_debug_flag = True"",
            ""Flask = Flask""
        ]
    }
]","[
    {
        ""imports"": [
            ""from typing import Dict, Any # pragma: no cover"",
            ""from flask import Flask # pragma: no cover""
        ],
        ""initialization"": [
            ""create_app = lambda x: Flask(__name__) # pragma: no cover"",
            ""t = type('Mock', (object,), {'Dict': Dict, 'Any': Any}) # pragma: no cover"",
            ""set_debug_flag = False # pragma: no cover"",
            ""Flask = Flask # pragma: no cover""
        ]
    },
    {
        ""imports"": [
            ""from flask import Flask # pragma: no cover"",
            ""import typing as t # pragma: no cover""
        ],
        ""initialization"": [
            ""create_app = lambda script_info: Flask(__name__) # pragma: no cover"",
            ""t = type('Mock', (object,), {'Dict': dict, 'Any': object}) # pragma: no cover"",
            ""set_debug_flag = False # pragma: no cover"",
            ""Flask = Flask # pragma: no cover""
        ]
    },
    {
        ""imports"": [
            ""from typing import Dict, Any # pragma: no cover"",
            ""from flask import Flask # pragma: no cover""
        ],
        ""initialization"": [
            ""create_app = lambda script_info: Flask(__name__) # pragma: no cover"",
            ""t = type('Mock', (object,), {'Dict': Dict, 'Any': Any}) # pragma: no cover"",
            ""set_debug_flag = False # pragma: no cover"",
            ""Flask = Flask # pragma: no cover""
        ]
    },
    {
        ""imports"": [
            ""from flask import Flask # pragma: no cover"",
            ""import typing as t # pragma: no cover""
        ],
        ""initialization"": [
            ""create_app = lambda script_info: None # pragma: no cover"",
            ""t = type('Mock', (object,), {'Dict': dict, 'Any': object})() # pragma: no cover"",
            ""set_debug_flag = False # pragma: no cover""
        ]
    },
    {
        ""imports"": [
            ""from flask import Flask # pragma: no cover"",
            ""import typing as t # pragma: no cover""
        ],
        ""initialization"": [
            ""self = type('Mock', (object,), {})() # pragma: no cover"",
            ""create_app = lambda script_info: Flask(__name__) # pragma: no cover"",
            ""t = type('Mock', (object,), {'Dict': dict, 'Any': object}) # pragma: no cover"",
            ""set_debug_flag = True # pragma: no cover"",
            ""Flask = Flask # pragma: no cover""
        ]
    },
    {
        ""imports"": [
            ""from flask import Flask # pragma: no cover"",
            ""import typing as t # pragma: no cover""
        ],
        ""initialization"": [
            ""create_app = lambda script_info: Flask(__name__) # pragma: no cover"",
            ""set_debug_flag = True # pragma: no cover"",
            ""Flask = Flask # pragma: no cover"",
            ""t = type('Mock', (object,), {'Dict': dict, 'Any': object}) # pragma: no cover""
        ]
    },
    {
        ""imports"": [
            ""from typing import Dict, Any # pragma: no cover"",
            ""from flask import Flask # pragma: no cover""
        ],
        ""initialization"": [
            ""create_app = lambda script_info: Flask(__name__) # pragma: no cover"",
            ""t = type('Mock', (object,), {'Dict': Dict, 'Any': Any}) # pragma: no cover"",
            ""set_debug_flag = True # pragma: no cover""
        ]
    },
    {
        ""imports"": [
            ""from flask import Flask # pragma: no cover"",
            ""import typing as t # pragma: no cover""
        ],
        ""initialization"": [
            ""create_app = lambda script_info: Flask(__name__) # pragma: no cover"",
            ""t = type('Mock', (object,), {'Dict': dict, 'Any': object}) # pragma: no cover"",
            ""set_debug_flag = False # pragma: no cover"",
            ""Flask = Flask # pragma: no cover""
        ]
    },
    {
        ""imports"": [
            ""from flask import Flask # pragma: no cover"",
            ""import typing as t # pragma: no cover""
        ],
        ""initialization"": [
            ""create_app = lambda script_info: Flask(__name__) # pragma: no cover"",
            ""self.create_app = create_app # pragma: no cover"",
            ""t = type('Mock', (object,), {'Dict': dict, 'Any': object}) # pragma: no cover"",
            ""self.data = {} # pragma: no cover"",
            ""set_debug_flag = False # pragma: no cover"",
            ""self.set_debug_flag = set_debug_flag # pragma: no cover"",
            ""Flask = Flask # pragma: no cover"",
            ""self._loaded_app = None # pragma: no cover""
        ]
    },
    {
        ""imports"": [
            ""from typing import Dict, Any # pragma: no cover"",
            ""from flask import Flask # pragma: no cover""
        ],
        ""initialization"": [
            ""create_app = lambda script_info: Flask(__name__) # pragma: no cover"",
            ""t = type('Mock', (object,), {'Dict': Dict, 'Any': Any}) # pragma: no cover"",
            ""set_debug_flag = True # pragma: no cover"",
            ""Flask = Flask # pragma: no cover""
        ]
    }
]",2,2118,0.001059,1428,0.002142,0.003201
"When trying to execute the code snippet with the provided imports and initialization, the following error happens:
# begin error message
Execution error at line 10:
    self.app_import_path = app_import_path
NameError: name 'app_import_path' is not defined
# end error message

Please, provide self-contained and concrete Python fixed values of the imports and initialization to solve the error and make the code snippet executable.
Respond strictly with JSON. The JSON should be compatible with the TypeScript type `Response` from the following:

```ts
interface Response {
// Python import statements needed in the initialization code. One string per import.
imports: string[];
// Python code to initialize the undefined variables and make the code snippet executable. One string per undefined variable. The statements in the code snippet above are not part of the initialization of undefined variables. Therefore, their copy or modified versions should not be added here. The values should be self-contained and concrete, i.e. without assumptions or expected replacements of any code that is not present in the code snippet. In case there are undefined attributes or methods and the attribute or method base is not initialized, initialize the attribute or method base using type(""Mock"", bases, dict), where bases is a tuple containing the base classes that the Mock object inherits from, e.g. object, and dict is a dictionary containing the initialization of the undefined attributes and methods in the code snippet.
initialization: string[];
}
```","[
    {
        ""imports"": [
            ""from flask import Flask"",
            ""import typing as t""
        ],
        ""initialization"": [
            ""self = type('Mock', (object,), {'app_import_path': None, 'create_app': None, 'data': {}, 'set_debug_flag': None, '_loaded_app': None})()"",
            ""self.app_import_path = 'my_flask_app.app'"",
            ""self.create_app = lambda script_info: Flask(__name__)"",
            ""self.data = {}"",
            ""t = type('Mock', (object,), {'Dict': dict, 'Any': object})()"",
            ""self.set_debug_flag = True"",
            ""self._loaded_app = None""
        ]
    },
    {
        ""imports"": [
            ""from flask import Flask"",
            ""import typing as t""
        ],
        ""initialization"": [
            ""self = type('Mock', (object,), {'app_import_path': None, 'create_app': None, 'data': {}, 'set_debug_flag': None, '_loaded_app': None})()"",
            ""self.app_import_path = 'my_flask_app.app'"",
            ""self.create_app = lambda script_info: Flask(__name__)"",
            ""t = type('Mock', (object,), {'Dict': dict, 'Any': object})"",
            ""self.set_debug_flag = True""
        ]
    },
    {
        ""imports"": [
            ""from typing import Any, Dict"",
            ""from flask import Flask""
        ],
        ""initialization"": [
            ""self = type('Mock', (object,), {})()"",
            ""self.app_import_path = 'my_flask_app.app'"",
            ""self.create_app = lambda script_info: Flask(__name__)"",
            ""self.data = {}"",
            ""set_debug_flag = True"",
            ""self.set_debug_flag = set_debug_flag""
        ]
    },
    {
        ""imports"": [
            ""from flask import Flask"",
            ""import typing as t""
        ],
        ""initialization"": [
            ""self = type('Mock', (object,), {'app_import_path': None, 'create_app': None, 'data': {}, 'set_debug_flag': None, '_loaded_app': None})()"",
            ""self.app_import_path = 'my_flask_app'"",
            ""self.create_app = lambda script_info: Flask(__name__)"",
            ""t = type('Mock', (object,), {'Dict': dict, 'Any': object})()"",
            ""self.set_debug_flag = True""
        ]
    },
    {
        ""imports"": [
            ""from flask import Flask"",
            ""import typing as t""
        ],
        ""initialization"": [
            ""self = type('Mock', (object,), {'app_import_path': None, 'create_app': None, 'data': {}, 'set_debug_flag': None, '_loaded_app': None})()"",
            ""self.app_import_path = 'my_flask_app.app'"",
            ""self.create_app = lambda script_info: Flask(__name__)"",
            ""t = type('Mock', (object,), {'Dict': dict, 'Any': object})()"",
            ""self.set_debug_flag = True""
        ]
    },
    {
        ""imports"": [
            ""from flask import Flask"",
            ""import typing as t""
        ],
        ""initialization"": [
            ""self = type('Mock', (object,), {'app_import_path': None, 'create_app': None, 'data': {}, 'set_debug_flag': None, '_loaded_app': None})()"",
            ""self.app_import_path = 'my_flask_app.app'"",
            ""self.create_app = lambda script_info: Flask(__name__)"",
            ""t = type('Mock', (object,), {'Dict': dict, 'Any': object})"",
            ""self.set_debug_flag = True""
        ]
    },
    {
        ""imports"": [
            ""from flask import Flask"",
            ""import typing as t""
        ],
        ""initialization"": [
            ""self = type('Mock', (object,), {'app_import_path': None, 'create_app': None, 'data': {}, 'set_debug_flag': None, '_loaded_app': None})()"",
            ""self.app_import_path = 'my_flask_app'"",
            ""self.create_app = lambda script_info: Flask(__name__)"",
            ""t = type('Mock', (object,), {'Dict': dict, 'Any': object})"",
            ""self.set_debug_flag = True""
        ]
    },
    {
        ""imports"": [
            ""from flask import Flask"",
            ""import typing as t""
        ],
        ""initialization"": [
            ""self = type('Mock', (object,), {})()"",
            ""self.app_import_path = 'my_flask_app.app'"",
            ""self.create_app = lambda script_info: Flask(__name__)"",
            ""t = type('Mock', (object,), {'Dict': dict, 'Any': object})"",
            ""self.set_debug_flag = True"",
            ""self.data = {}"",
            ""self._loaded_app = None""
        ]
    },
    {
        ""imports"": [
            ""from typing import Any, Dict"",
            ""from flask import Flask""
        ],
        ""initialization"": [
            ""self = type('Mock', (object,), {'app_import_path': None, 'create_app': None, 'data': {}, 'set_debug_flag': None, '_loaded_app': None})()"",
            ""self.app_import_path = 'my_flask_app.app'"",
            ""self.create_app = lambda script_info: Flask(__name__)"",
            ""t = type('Mock', (object,), {'Dict': Dict, 'Any': Any})"",
            ""self.set_debug_flag = True""
        ]
    },
    {
        ""imports"": [
            ""import typing as t"",
            ""from flask import Flask""
        ],
        ""initialization"": [
            ""self = type('Mock', (object,), {'data': {}, '_loaded_app': None})()"",
            ""self.app_import_path = 'my_flask_app.app'"",
            ""self.create_app = lambda script_info: Flask(__name__)"",
            ""t = type('Mock', (object,), {'Dict': dict, 'Any': object})"",
            ""self.set_debug_flag = lambda: None""
        ]
    }
]","[
    {
        ""imports"": [
            ""from flask import Flask # pragma: no cover"",
            ""import typing as t # pragma: no cover""
        ],
        ""initialization"": [
            ""self.create_app = lambda script_info: Flask(__name__) # pragma: no cover"",
            ""self.data = {} # pragma: no cover"",
            ""t = type('Mock', (object,), {'Dict': dict, 'Any': object})() # pragma: no cover"",
            ""self.set_debug_flag = True # pragma: no cover"",
            ""self._loaded_app = None # pragma: no cover""
        ]
    },
    {
        ""imports"": [
            ""from flask import Flask # pragma: no cover"",
            ""import typing as t # pragma: no cover""
        ],
        ""initialization"": [
            ""self.create_app = lambda script_info: Flask(__name__) # pragma: no cover"",
            ""t = type('Mock', (object,), {'Dict': dict, 'Any': object}) # pragma: no cover"",
            ""self.set_debug_flag = True # pragma: no cover""
        ]
    },
    {
        ""imports"": [
            ""from typing import Any, Dict # pragma: no cover"",
            ""from flask import Flask # pragma: no cover""
        ],
        ""initialization"": [
            ""self = type('Mock', (object,), {})() # pragma: no cover"",
            ""self.create_app = lambda script_info: Flask(__name__) # pragma: no cover"",
            ""self.data = {} # pragma: no cover"",
            ""set_debug_flag = True # pragma: no cover"",
            ""self.set_debug_flag = set_debug_flag # pragma: no cover""
        ]
    },
    {
        ""imports"": [
            ""from flask import Flask # pragma: no cover"",
            ""import typing as t # pragma: no cover""
        ],
        ""initialization"": [
            ""self.create_app = lambda script_info: Flask(__name__) # pragma: no cover"",
            ""t = type('Mock', (object,), {'Dict': dict, 'Any': object})() # pragma: no cover"",
            ""self.set_debug_flag = True # pragma: no cover""
        ]
    },
    {
        ""imports"": [
            ""from flask import Flask # pragma: no cover"",
            ""import typing as t # pragma: no cover""
        ],
        ""initialization"": [
            ""self.create_app = lambda script_info: Flask(__name__) # pragma: no cover"",
            ""t = type('Mock', (object,), {'Dict': dict, 'Any': object})() # pragma: no cover"",
            ""self.set_debug_flag = True # pragma: no cover""
        ]
    },
    {
        ""imports"": [
            ""from flask import Flask # pragma: no cover"",
            ""import typing as t # pragma: no cover""
        ],
        ""initialization"": [
            ""self.create_app = lambda script_info: Flask(__name__) # pragma: no cover"",
            ""t = type('Mock', (object,), {'Dict': dict, 'Any': object}) # pragma: no cover"",
            ""self.set_debug_flag = True # pragma: no cover""
        ]
    },
    {
        ""imports"": [
            ""from flask import Flask # pragma: no cover"",
            ""import typing as t # pragma: no cover""
        ],
        ""initialization"": [
            ""self.create_app = lambda script_info: Flask(__name__) # pragma: no cover"",
            ""t = type('Mock', (object,), {'Dict': dict, 'Any': object}) # pragma: no cover"",
            ""self.set_debug_flag = True # pragma: no cover""
        ]
    },
    {
        ""imports"": [
            ""from flask import Flask # pragma: no cover"",
            ""import typing as t # pragma: no cover""
        ],
        ""initialization"": [
            ""self = type('Mock', (object,), {})() # pragma: no cover"",
            ""self.create_app = lambda script_info: Flask(__name__) # pragma: no cover"",
            ""t = type('Mock', (object,), {'Dict': dict, 'Any': object}) # pragma: no cover"",
            ""self.set_debug_flag = True # pragma: no cover"",
            ""self.data = {} # pragma: no cover"",
            ""self._loaded_app = None # pragma: no cover""
        ]
    },
    {
        ""imports"": [
            ""from typing import Any, Dict # pragma: no cover"",
            ""from flask import Flask # pragma: no cover""
        ],
        ""initialization"": [
            ""self.create_app = lambda script_info: Flask(__name__) # pragma: no cover"",
            ""t = type('Mock', (object,), {'Dict': Dict, 'Any': Any}) # pragma: no cover"",
            ""self.set_debug_flag = True # pragma: no cover""
        ]
    },
    {
        ""imports"": [
            ""import typing as t # pragma: no cover"",
            ""from flask import Flask # pragma: no cover""
        ],
        ""initialization"": [
            ""self = type('Mock', (object,), {'data': {}, '_loaded_app': None})() # pragma: no cover"",
            ""self.create_app = lambda script_info: Flask(__name__) # pragma: no cover"",
            ""t = type('Mock', (object,), {'Dict': dict, 'Any': object}) # pragma: no cover"",
            ""self.set_debug_flag = lambda: None # pragma: no cover""
        ]
    }
]",2,2503,0.0012515,1346,0.002019,0.0032705
"When trying to execute the code snippet with the provided imports and initialization, the following error happens:
# begin error message
Execution error at line 11:
    self.app_import_path = app_import_path
NameError: name 'app_import_path' is not defined
# end error message

Please, provide self-contained and concrete Python fixed values of the imports and initialization to solve the error and make the code snippet executable.
Respond strictly with JSON. The JSON should be compatible with the TypeScript type `Response` from the following:

```ts
interface Response {
// Python import statements needed in the initialization code. One string per import.
imports: string[];
// Python code to initialize the undefined variables and make the code snippet executable. One string per undefined variable. The statements in the code snippet above are not part of the initialization of undefined variables. Therefore, their copy or modified versions should not be added here. The values should be self-contained and concrete, i.e. without assumptions or expected replacements of any code that is not present in the code snippet. In case there are undefined attributes or methods and the attribute or method base is not initialized, initialize the attribute or method base using type(""Mock"", bases, dict), where bases is a tuple containing the base classes that the Mock object inherits from, e.g. object, and dict is a dictionary containing the initialization of the undefined attributes and methods in the code snippet.
initialization: string[];
}
```","[
    {
        ""imports"": [
            ""from flask import Flask"",
            ""import typing as t""
        ],
        ""initialization"": [
            ""self = type('Mock', (object,), {'app_import_path': None, 'create_app': None, 'data': {}, 'set_debug_flag': False, '_loaded_app': None})()"",
            ""app_import_path = 'some_import_path'"",
            ""create_app = lambda x: Flask(__name__)"",
            ""t = type('Mock', (object,), {'Dict': dict, 'Any': object})"",
            ""set_debug_flag = False"",
            ""Flask = Flask""
        ]
    },
    {
        ""imports"": [
            ""from flask import Flask"",
            ""import typing as t""
        ],
        ""initialization"": [
            ""self = type('Mock', (object,), {'app_import_path': None, 'create_app': None, 'data': {}, 'set_debug_flag': None, '_loaded_app': None})()"",
            ""self.app_import_path = 'my_flask_app'"",
            ""self.create_app = lambda x: Flask(__name__)"",
            ""self.data = {}"",
            ""t = type('Mock', (object,), {'Dict': dict, 'Any': object})"",
            ""self.set_debug_flag = True"",
            ""self._loaded_app = None"",
            ""Flask = Flask""
        ]
    },
    {
        ""imports"": [
            ""from flask import Flask"",
            ""import typing as t""
        ],
        ""initialization"": [
            ""self = type('Mock', (object,), {'app_import_path': None, 'create_app': None, 'data': {}, 'set_debug_flag': False, '_loaded_app': None})()"",
            ""app_import_path = 'default_import_path'"",
            ""create_app = lambda script_info: Flask(__name__)"",
            ""t = type('Mock', (object,), {'Dict': dict, 'Any': object})"",
            ""set_debug_flag = False"",
            ""Flask = Flask""
        ]
    },
    {
        ""imports"": [
            ""from flask import Flask"",
            ""import typing as t""
        ],
        ""initialization"": [
            ""self = type('Mock', (object,), {'app_import_path': None, 'create_app': None, 'data': {}, 'set_debug_flag': False, '_loaded_app': None})()"",
            ""app_import_path = 'example_app_path'"",
            ""create_app = lambda x: Flask('example_app')"",
            ""t = t"",
            ""set_debug_flag = True"",
            ""Flask = Flask""
        ]
    },
    {
        ""imports"": [
            ""from flask import Flask"",
            ""import typing as t""
        ],
        ""initialization"": [
            ""app_import_path = 'some.import.path'"",
            ""create_app = lambda script_info: Flask(__name__)"",
            ""t = type('Mock', (object,), {'Dict': dict, 'Any': object})"",
            ""set_debug_flag = False"",
            ""Flask = Flask"",
            ""self = type('Mock', (object,), {'app_import_path': app_import_path, 'create_app': create_app, 'data': {}, 'set_debug_flag': set_debug_flag, '_loaded_app': None})()""
        ]
    },
    {
        ""imports"": [
            ""from flask import Flask"",
            ""import typing as t""
        ],
        ""initialization"": [
            ""self = type('Mock', (object,), {'app_import_path': None, 'create_app': None, 'data': {}, 'set_debug_flag': False, '_loaded_app': None})()"",
            ""app_import_path = ''"",
            ""create_app = lambda script_info: Flask(__name__)"",
            ""t = type('Mock', (object,), {'Dict': dict, 'Any': object})"",
            ""set_debug_flag = True"",
            ""Flask = Flask""
        ]
    },
    {
        ""imports"": [
            ""from flask import Flask"",
            ""import typing as t""
        ],
        ""initialization"": [
            ""self = type('Mock', (object,), {'app_import_path': None, 'create_app': None, 'data': {}, 'set_debug_flag': False, '_loaded_app': None})()"",
            ""app_import_path = ''"",
            ""create_app = lambda script_info: Flask(__name__)"",
            ""t = type('Mock', (object,), {'Dict': dict, 'Any': object})"",
            ""set_debug_flag = False"",
            ""Flask = Flask""
        ]
    },
    {
        ""imports"": [
            ""from flask import Flask"",
            ""import typing as t""
        ],
        ""initialization"": [
            ""self = type('Mock', (object,), {'app_import_path': None, 'create_app': None, 'data': {}, 'set_debug_flag': False, '_loaded_app': None})()"",
            ""self.app_import_path = 'my_flask_app'"",
            ""self.create_app = lambda script_info: Flask(__name__)"",
            ""self.data = {}"",
            ""t = type('Mock', (object,), {'Dict': dict, 'Any': object})"",
            ""self.set_debug_flag = False"",
            ""self._loaded_app = None""
        ]
    },
    {
        ""imports"": [
            ""from flask import Flask"",
            ""import typing as t""
        ],
        ""initialization"": [
            ""self = type('Mock', (object,), {'app_import_path': None, 'create_app': None, 'set_debug_flag': False, '_loaded_app': None})()"",
            ""self.app_import_path = ''"",
            ""self.create_app = lambda x: Flask(__name__)"",
            ""self.set_debug_flag = True"",
            ""self.data = {}"",
            ""t = type('Mock', (object,), {'Dict': dict, 'Any': object})"",
            ""self._loaded_app = None""
        ]
    },
    {
        ""imports"": [
            ""from flask import Flask"",
            ""import typing as t""
        ],
        ""initialization"": [
            ""self = type('Mock', (object,), {'app_import_path': None, 'create_app': None, 'data': {}, 'set_debug_flag': None, '_loaded_app': None})()"",
            ""app_import_path = 'example.app'"",
            ""create_app = lambda script_info: Flask(__name__)"",
            ""t = type('Mock', (object,), {'Dict': dict, 'Any': object})"",
            ""set_debug_flag = True"",
            ""Flask = Flask""
        ]
    }
]","[
    {
        ""imports"": [
            ""from flask import Flask # pragma: no cover"",
            ""import typing as t # pragma: no cover""
        ],
        ""initialization"": [
            ""create_app = lambda x: Flask(__name__) # pragma: no cover"",
            ""t = type('Mock', (object,), {'Dict': dict, 'Any': object}) # pragma: no cover"",
            ""set_debug_flag = False # pragma: no cover"",
            ""Flask = Flask # pragma: no cover""
        ]
    },
    {
        ""imports"": [
            ""from flask import Flask # pragma: no cover"",
            ""import typing as t # pragma: no cover""
        ],
        ""initialization"": [
            ""self.create_app = lambda x: Flask(__name__) # pragma: no cover"",
            ""self.data = {} # pragma: no cover"",
            ""t = type('Mock', (object,), {'Dict': dict, 'Any': object}) # pragma: no cover"",
            ""self.set_debug_flag = True # pragma: no cover"",
            ""self._loaded_app = None # pragma: no cover"",
            ""Flask = Flask # pragma: no cover""
        ]
    },
    {
        ""imports"": [
            ""from flask import Flask # pragma: no cover"",
            ""import typing as t # pragma: no cover""
        ],
        ""initialization"": [
            ""create_app = lambda script_info: Flask(__name__) # pragma: no cover"",
            ""t = type('Mock', (object,), {'Dict': dict, 'Any': object}) # pragma: no cover"",
            ""set_debug_flag = False # pragma: no cover"",
            ""Flask = Flask # pragma: no cover""
        ]
    },
    {
        ""imports"": [
            ""from flask import Flask # pragma: no cover"",
            ""import typing as t # pragma: no cover""
        ],
        ""initialization"": [
            ""create_app = lambda x: Flask('example_app') # pragma: no cover"",
            ""t = t # pragma: no cover"",
            ""set_debug_flag = True # pragma: no cover"",
            ""Flask = Flask # pragma: no cover""
        ]
    },
    {
        ""imports"": [
            ""from flask import Flask # pragma: no cover"",
            ""import typing as t # pragma: no cover""
        ],
        ""initialization"": [
            ""create_app = lambda script_info: Flask(__name__) # pragma: no cover"",
            ""t = type('Mock', (object,), {'Dict': dict, 'Any': object}) # pragma: no cover"",
            ""set_debug_flag = False # pragma: no cover"",
            ""Flask = Flask # pragma: no cover""
        ]
    },
    {
        ""imports"": [
            ""from flask import Flask # pragma: no cover"",
            ""import typing as t # pragma: no cover""
        ],
        ""initialization"": [
            ""create_app = lambda script_info: Flask(__name__) # pragma: no cover"",
            ""t = type('Mock', (object,), {'Dict': dict, 'Any': object}) # pragma: no cover"",
            ""set_debug_flag = True # pragma: no cover"",
            ""Flask = Flask # pragma: no cover""
        ]
    },
    {
        ""imports"": [
            ""from flask import Flask # pragma: no cover"",
            ""import typing as t # pragma: no cover""
        ],
        ""initialization"": [
            ""create_app = lambda script_info: Flask(__name__) # pragma: no cover"",
            ""t = type('Mock', (object,), {'Dict': dict, 'Any': object}) # pragma: no cover"",
            ""set_debug_flag = False # pragma: no cover"",
            ""Flask = Flask # pragma: no cover""
        ]
    },
    {
        ""imports"": [
            ""from flask import Flask # pragma: no cover"",
            ""import typing as t # pragma: no cover""
        ],
        ""initialization"": [
            ""self.create_app = lambda script_info: Flask(__name__) # pragma: no cover"",
            ""self.data = {} # pragma: no cover"",
            ""t = type('Mock', (object,), {'Dict': dict, 'Any': object}) # pragma: no cover"",
            ""self.set_debug_flag = False # pragma: no cover"",
            ""self._loaded_app = None # pragma: no cover""
        ]
    },
    {
        ""imports"": [
            ""from flask import Flask # pragma: no cover"",
            ""import typing as t # pragma: no cover""
        ],
        ""initialization"": [
            ""self.create_app = lambda x: Flask(__name__) # pragma: no cover"",
            ""self.set_debug_flag = True # pragma: no cover"",
            ""self.data = {} # pragma: no cover"",
            ""t = type('Mock', (object,), {'Dict': dict, 'Any': object}) # pragma: no cover"",
            ""self._loaded_app = None # pragma: no cover""
        ]
    },
    {
        ""imports"": [
            ""from flask import Flask # pragma: no cover"",
            ""import typing as t # pragma: no cover""
        ],
        ""initialization"": [
            ""create_app = lambda script_info: Flask(__name__) # pragma: no cover"",
            ""t = type('Mock', (object,), {'Dict': dict, 'Any': object}) # pragma: no cover"",
            ""set_debug_flag = True # pragma: no cover"",
            ""Flask = Flask # pragma: no cover""
        ]
    }
]",2,2546,0.001273,1427,0.0021405,0.0034135
"When trying to execute the code snippet with the provided imports and initialization, the following error happens:
# begin error message
Execution error at line 15:
    self.app_import_path = app_import_path
NameError: name 'app_import_path' is not defined
# end error message

Please, provide self-contained and concrete Python fixed values of the imports and initialization to solve the error and make the code snippet executable.
Respond strictly with JSON. The JSON should be compatible with the TypeScript type `Response` from the following:

```ts
interface Response {
// Python import statements needed in the initialization code. One string per import.
imports: string[];
// Python code to initialize the undefined variables and make the code snippet executable. One string per undefined variable. The statements in the code snippet above are not part of the initialization of undefined variables. Therefore, their copy or modified versions should not be added here. The values should be self-contained and concrete, i.e. without assumptions or expected replacements of any code that is not present in the code snippet. In case there are undefined attributes or methods and the attribute or method base is not initialized, initialize the attribute or method base using type(""Mock"", bases, dict), where bases is a tuple containing the base classes that the Mock object inherits from, e.g. object, and dict is a dictionary containing the initialization of the undefined attributes and methods in the code snippet.
initialization: string[];
}
```","[
    {
        ""imports"": [
            ""from flask import Flask"",
            ""import typing as t""
        ],
        ""initialization"": [
            ""self = type('MockSelf', (object,), {"",
            ""    'app_import_path': None,"",
            ""    'create_app': None,"",
            ""    'data': {},"",
            ""    'set_debug_flag': None,"",
            ""    '_loaded_app': None"",
            ""})()"",
            ""app_import_path = 'my_flask_app.app'"",
            ""create_app = lambda script_info: Flask(__name__)"",
            ""t = __import__('typing')"",
            ""set_debug_flag = True"",
            ""Flask = __import__('flask').Flask""
        ]
    },
    {
        ""imports"": [
            ""from flask import Flask"",
            ""import typing as t""
        ],
        ""initialization"": [
            ""self = type('MockSelf', (object,), {"",
            ""    'app_import_path': 'my_flask_app.app',"",
            ""    'create_app': lambda script_info: Flask(__name__),"",
            ""    'data': {},"",
            ""    'set_debug_flag': False,"",
            ""    '_loaded_app': None"",
            ""})()"",
            ""app_import_path = 'my_flask_app.app'"",
            ""create_app = lambda script_info: Flask(__name__)"",
            ""t = __import__('typing')"",
            ""set_debug_flag = False"",
            ""Flask = __import__('flask').Flask""
        ]
    },
    {
        ""imports"": [
            ""from flask import Flask"",
            ""import typing as t""
        ],
        ""initialization"": [
            ""self = type('MockSelf', (object,), {"",
            ""    'app_import_path': None,"",
            ""    'create_app': lambda script_info: Flask(__name__),"",
            ""    'data': {},"",
            ""    'set_debug_flag': False,"",
            ""    '_loaded_app': None"",
            ""})()"",
            ""self.app_import_path = 'my_flask_app.app'"",
            ""self.create_app = lambda script_info: Flask(__name__)"",
            ""self.set_debug_flag = True"",
            ""t = __import__('typing')"",
            ""Flask = __import__('flask').Flask""
        ]
    },
    {
        ""imports"": [
            ""from flask import Flask"",
            ""import typing as t""
        ],
        ""initialization"": [
            ""app_import_path = 'my_flask_app.app'"",
            ""create_app = lambda script_info: Flask(__name__)"",
            ""t = type('MockTyping', (object,), {'Dict': dict, 'Any': object})"",
            ""set_debug_flag = True"",
            ""self = type('MockSelf', (object,), {"",
            ""    'app_import_path': app_import_path,"",
            ""    'create_app': create_app,"",
            ""    'data': {},"",
            ""    'set_debug_flag': set_debug_flag,"",
            ""    '_loaded_app': None"",
            ""})()""
        ]
    },
    {
        ""imports"": [
            ""from flask import Flask"",
            ""import typing as t""
        ],
        ""initialization"": [
            ""self = type('Mock', (object,), {})()"",
            ""self.app_import_path = 'my_flask_app.app'"",
            ""self.create_app = lambda script_info: Flask(__name__)"",
            ""t = type('Mock', (object,), {'Dict': dict, 'Any': object})"",
            ""self.set_debug_flag = True"",
            ""self._loaded_app = None""
        ]
    },
    {
        ""imports"": [
            ""from flask import Flask"",
            ""import typing as t""
        ],
        ""initialization"": [
            ""self = type('MockSelf', (object,), {"",
            ""    'app_import_path': None,"",
            ""    'create_app': None,"",
            ""    'data': {},"",
            ""    'set_debug_flag': None,"",
            ""    '_loaded_app': None"",
            ""})()"",
            ""app_import_path = 'my_flask_app.app'"",
            ""create_app = lambda script_info: Flask(__name__)"",
            ""t = __import__('typing')"",
            ""set_debug_flag = True"",
            ""self.app_import_path = app_import_path"",
            ""self.create_app = create_app"",
            ""self.data = {}"",
            ""self.set_debug_flag = set_debug_flag"",
            ""self._loaded_app = None""
        ]
    },
    {
        ""imports"": [
            ""from flask import Flask"",
            ""import typing as t""
        ],
        ""initialization"": [
            ""self = type('MockSelf', (object,), {})()"",
            ""app_import_path = 'my_flask_app'"",
            ""create_app = lambda script_info: Flask(__name__)"",
            ""t = type('MockTyping', (object,), {'Dict': dict, 'Any': object})"",
            ""set_debug_flag = True"",
            ""self.app_import_path = app_import_path"",
            ""self.create_app = create_app"",
            ""self.data = {}"",
            ""self.set_debug_flag = set_debug_flag"",
            ""self._loaded_app = None""
        ]
    },
    {
        ""imports"": [
            ""from flask import Flask"",
            ""import typing as t""
        ],
        ""initialization"": [
            ""self = type('MockSelf', (object,), {'app_import_path': None, 'create_app': None, 'data': {}, 'set_debug_flag': None, '_loaded_app': None})()"",
            ""self.app_import_path = 'my_flask_app.app'"",
            ""self.create_app = lambda script_info: Flask(__name__)"",
            ""self.data = {}"",
            ""t = __import__('typing')"",
            ""self.set_debug_flag = False"",
            ""self._loaded_app = None""
        ]
    },
    {
        ""imports"": [
            ""from flask import Flask"",
            ""import typing as t""
        ],
        ""initialization"": [
            ""self = type('Mock', (object,), {'app_import_path': None, 'create_app': None, 'data': {}, 'set_debug_flag': None, '_loaded_app': None})()"",
            ""self.app_import_path = 'my_flask_app.app'"",
            ""self.create_app = lambda script_info: Flask(__name__)"",
            ""self.data = {}"",
            ""t = type('Mock', (object,), {'Dict': dict, 'Any': object})"",
            ""self.set_debug_flag = True"",
            ""self._loaded_app = None""
        ]
    },
    {
        ""imports"": [
            ""from flask import Flask"",
            ""import typing as t""
        ],
        ""initialization"": [
            ""self = type('Mock', (object,), {'app_import_path': None, 'create_app': None, 'data': {}, 'set_debug_flag': None, '_loaded_app': None})()"",
            ""app_import_path = 'my_flask_app'"",
            ""create_app = lambda script_info: Flask(__name__)"",
            ""t = type('Mock', (object,), {'Dict': dict, 'Any': object})"",
            ""set_debug_flag = True"",
            ""self.app_import_path = app_import_path""
        ]
    }
]","[
    {
        ""imports"": [
            ""from flask import Flask # pragma: no cover"",
            ""import typing as t # pragma: no cover""
        ],
        ""initialization"": [
            ""self = type('MockSelf', (object,), { # pragma: no cover"",
            ""    'create_app': None, # pragma: no cover"",
            ""    'data': {}, # pragma: no cover"",
            ""    'set_debug_flag': None, # pragma: no cover"",
            ""    '_loaded_app': None # pragma: no cover"",
            ""})() # pragma: no cover"",
            ""create_app = lambda script_info: Flask(__name__) # pragma: no cover"",
            ""set_debug_flag = True # pragma: no cover""
        ]
    },
    {
        ""imports"": [
            ""from flask import Flask # pragma: no cover"",
            ""import typing as t # pragma: no cover""
        ],
        ""initialization"": [
            ""self = type('MockSelf', (object,), { # pragma: no cover"",
            ""    'create_app': lambda script_info: Flask(__name__), # pragma: no cover"",
            ""    'data': {}, # pragma: no cover"",
            ""    'set_debug_flag': False, # pragma: no cover"",
            ""    '_loaded_app': None # pragma: no cover"",
            ""})() # pragma: no cover"",
            ""create_app = lambda script_info: Flask(__name__) # pragma: no cover"",
            ""set_debug_flag = False # pragma: no cover""
        ]
    },
    {
        ""imports"": [
            ""from flask import Flask # pragma: no cover"",
            ""import typing as t # pragma: no cover""
        ],
        ""initialization"": [
            ""self = type('MockSelf', (object,), { # pragma: no cover"",
            ""    'create_app': lambda script_info: Flask(__name__), # pragma: no cover"",
            ""    'data': {}, # pragma: no cover"",
            ""    'set_debug_flag': False, # pragma: no cover"",
            ""    '_loaded_app': None # pragma: no cover"",
            ""})() # pragma: no cover"",
            ""self.create_app = lambda script_info: Flask(__name__) # pragma: no cover"",
            ""self.set_debug_flag = True # pragma: no cover""
        ]
    },
    {
        ""imports"": [
            ""from flask import Flask # pragma: no cover"",
            ""import typing as t # pragma: no cover""
        ],
        ""initialization"": [
            ""create_app = lambda script_info: Flask(__name__) # pragma: no cover"",
            ""t = type('MockTyping', (object,), {'Dict': dict, 'Any': object}) # pragma: no cover"",
            ""set_debug_flag = True # pragma: no cover"",
            ""self = type('MockSelf', (object,), { # pragma: no cover"",
            ""    'create_app': create_app, # pragma: no cover"",
            ""    'data': {}, # pragma: no cover"",
            ""    'set_debug_flag': set_debug_flag, # pragma: no cover"",
            ""    '_loaded_app': None # pragma: no cover"",
            ""})() # pragma: no cover""
        ]
    },
    {
        ""imports"": [
            ""from flask import Flask # pragma: no cover"",
            ""import typing as t # pragma: no cover""
        ],
        ""initialization"": [
            ""self = type('Mock', (object,), {})() # pragma: no cover"",
            ""self.create_app = lambda script_info: Flask(__name__) # pragma: no cover"",
            ""t = type('Mock', (object,), {'Dict': dict, 'Any': object}) # pragma: no cover"",
            ""self.set_debug_flag = True # pragma: no cover"",
            ""self._loaded_app = None # pragma: no cover""
        ]
    },
    {
        ""imports"": [
            ""from flask import Flask # pragma: no cover"",
            ""import typing as t # pragma: no cover""
        ],
        ""initialization"": [
            ""self = type('MockSelf', (object,), { # pragma: no cover"",
            ""    'create_app': None, # pragma: no cover"",
            ""    'data': {}, # pragma: no cover"",
            ""    'set_debug_flag': None, # pragma: no cover"",
            ""    '_loaded_app': None # pragma: no cover"",
            ""})() # pragma: no cover"",
            ""create_app = lambda script_info: Flask(__name__) # pragma: no cover"",
            ""set_debug_flag = True # pragma: no cover"",
            ""self.create_app = create_app # pragma: no cover"",
            ""self.data = {} # pragma: no cover"",
            ""self.set_debug_flag = set_debug_flag # pragma: no cover"",
            ""self._loaded_app = None # pragma: no cover""
        ]
    },
    {
        ""imports"": [
            ""from flask import Flask # pragma: no cover"",
            ""import typing as t # pragma: no cover""
        ],
        ""initialization"": [
            ""self = type('MockSelf', (object,), {})() # pragma: no cover"",
            ""create_app = lambda script_info: Flask(__name__) # pragma: no cover"",
            ""t = type('MockTyping', (object,), {'Dict': dict, 'Any': object}) # pragma: no cover"",
            ""set_debug_flag = True # pragma: no cover"",
            ""self.create_app = create_app # pragma: no cover"",
            ""self.data = {} # pragma: no cover"",
            ""self.set_debug_flag = set_debug_flag # pragma: no cover"",
            ""self._loaded_app = None # pragma: no cover""
        ]
    },
    {
        ""imports"": [
            ""from flask import Flask # pragma: no cover"",
            ""import typing as t # pragma: no cover""
        ],
        ""initialization"": [
            ""self.create_app = lambda script_info: Flask(__name__) # pragma: no cover"",
            ""self.data = {} # pragma: no cover"",
            ""self.set_debug_flag = False # pragma: no cover"",
            ""self._loaded_app = None # pragma: no cover""
        ]
    },
    {
        ""imports"": [
            ""from flask import Flask # pragma: no cover"",
            ""import typing as t # pragma: no cover""
        ],
        ""initialization"": [
            ""self.create_app = lambda script_info: Flask(__name__) # pragma: no cover"",
            ""self.data = {} # pragma: no cover"",
            ""t = type('Mock', (object,), {'Dict': dict, 'Any': object}) # pragma: no cover"",
            ""self.set_debug_flag = True # pragma: no cover"",
            ""self._loaded_app = None # pragma: no cover""
        ]
    },
    {
        ""imports"": [
            ""from flask import Flask # pragma: no cover"",
            ""import typing as t # pragma: no cover""
        ],
        ""initialization"": [
            ""create_app = lambda script_info: Flask(__name__) # pragma: no cover"",
            ""t = type('Mock', (object,), {'Dict': dict, 'Any': object}) # pragma: no cover"",
            ""set_debug_flag = True # pragma: no cover""
        ]
    }
]",2,2963,0.0014815,1591,0.0023865,0.003868
"When trying to execute the code snippet with the provided imports and initialization, the following error happens:
# begin error message
Execution error at line 11:
    self.app_import_path = app_import_path
NameError: name 'app_import_path' is not defined
# end error message

Please, provide self-contained and concrete Python fixed values of the imports and initialization to solve the error and make the code snippet executable.
Respond strictly with JSON. The JSON should be compatible with the TypeScript type `Response` from the following:

```ts
interface Response {
// Python import statements needed in the initialization code. One string per import.
imports: string[];
// Python code to initialize the undefined variables and make the code snippet executable. One string per undefined variable. The statements in the code snippet above are not part of the initialization of undefined variables. Therefore, their copy or modified versions should not be added here. The values should be self-contained and concrete, i.e. without assumptions or expected replacements of any code that is not present in the code snippet. In case there are undefined attributes or methods and the attribute or method base is not initialized, initialize the attribute or method base using type(""Mock"", bases, dict), where bases is a tuple containing the base classes that the Mock object inherits from, e.g. object, and dict is a dictionary containing the initialization of the undefined attributes and methods in the code snippet.
initialization: string[];
}
```","[
    {
        ""imports"": [
            ""from flask import Flask"",
            ""import typing as t""
        ],
        ""initialization"": [
            ""app_import_path = '/path/to/flask/app'"",
            ""create_app = lambda script_info: Flask(__name__)"",
            ""t = type('Mock', (object,), {'Dict': dict, 'Any': object})()"",
            ""set_debug_flag = True"",
            ""Flask = Flask"",
            ""self = type('Mock', (object,), {'app_import_path': app_import_path, 'create_app': create_app, 'data': {}, 'set_debug_flag': set_debug_flag, '_loaded_app': None})()""
        ]
    },
    {
        ""imports"": [
            ""from flask import Flask"",
            ""import typing as t""
        ],
        ""initialization"": [
            ""app_import_path = '/path/to/flask/app'"",
            ""create_app = lambda script_info: Flask(__name__)"",
            ""t = type('Mock', (object,), {'Dict': dict, 'Any': object})()"",
            ""set_debug_flag = True"",
            ""self = type('Mock', (object,), {'app_import_path': None, 'create_app': None, 'data': {}, 'set_debug_flag': None, '_loaded_app': None})()""
        ]
    },
    {
        ""imports"": [
            ""from flask import Flask"",
            ""import typing as t""
        ],
        ""initialization"": [
            ""app_import_path = '/path/to/flask/app'"",
            ""create_app = lambda script_info: Flask(__name__)"",
            ""t = type('Mock', (object,), {'Dict': dict, 'Any': object})()"",
            ""set_debug_flag = True"",
            ""Flask = Flask"",
            ""self = type('Mock', (object,), {'app_import_path': app_import_path, 'create_app': create_app, 'data': {}, 'set_debug_flag': set_debug_flag, '_loaded_app': None})()""
        ]
    },
    {
        ""imports"": [
            ""from flask import Flask"",
            ""import typing as t""
        ],
        ""initialization"": [
            ""app_import_path = 'my_flask_app'"",
            ""create_app = lambda script_info: Flask(__name__)"",
            ""t = type('Mock', (object,), {'Dict': dict, 'Any': object})()"",
            ""set_debug_flag = True"",
            ""Flask = Flask"",
            ""self = type('Mock', (object,), {'app_import_path': app_import_path, 'create_app': create_app, 'data': {}, 'set_debug_flag': set_debug_flag, '_loaded_app': None})()""
        ]
    },
    {
        ""imports"": [
            ""from flask import Flask"",
            ""import typing as t""
        ],
        ""initialization"": [
            ""app_import_path = '/path/to/flask/app'"",
            ""create_app = lambda script_info: Flask(__name__)"",
            ""t = type('Mock', (object,), {'Dict': dict, 'Any': object})"",
            ""set_debug_flag = True"",
            ""Flask = Flask"",
            ""self = type('Mock', (object,), {'app_import_path': app_import_path, 'create_app': create_app, 'data': {}, 'set_debug_flag': set_debug_flag, '_loaded_app': None})()""
        ]
    },
    {
        ""imports"": [
            ""from flask import Flask"",
            ""import typing as t""
        ],
        ""initialization"": [
            ""app_import_path = '/path/to/flask/app'"",
            ""create_app = lambda script_info: Flask(__name__)"",
            ""t = type('Mock', (object,), {'Dict': dict, 'Any': object})"",
            ""set_debug_flag = True"",
            ""Flask = Flask"",
            ""self = type('Mock', (object,), {'app_import_path': app_import_path, 'create_app': create_app, 'data': {}, 'set_debug_flag': set_debug_flag, '_loaded_app': None})()""
        ]
    },
    {
        ""imports"": [
            ""from flask import Flask"",
            ""import typing as t""
        ],
        ""initialization"": [
            ""app_import_path = '/path/to/flask/app'"",
            ""create_app = lambda script_info: Flask(__name__)"",
            ""t = type('Mock', (object,), {'Dict': dict, 'Any': object})()"",
            ""set_debug_flag = True"",
            ""Flask = Flask"",
            ""self = type('Mock', (object,), {'app_import_path': app_import_path, 'create_app': create_app, 'data': {}, 'set_debug_flag': set_debug_flag, '_loaded_app': None})()""
        ]
    },
    {
        ""imports"": [
            ""from flask import Flask"",
            ""import typing as t""
        ],
        ""initialization"": [
            ""self = type('Mock', (object,), {'app_import_path': None, 'create_app': None, 'data': {}, 'set_debug_flag': None, '_loaded_app': None})()"",
            ""app_import_path = '/path/to/flask/app'"",
            ""create_app = lambda script_info: Flask(__name__)"",
            ""t = type('Mock', (object,), {'Dict': dict, 'Any': object})"",
            ""set_debug_flag = True""
        ]
    },
    {
        ""imports"": [
            ""from flask import Flask"",
            ""import typing as t""
        ],
        ""initialization"": [
            ""app_import_path = '/path/to/flask/app'"",
            ""create_app = lambda script_info: Flask(__name__)"",
            ""t = type('Mock', (object,), {'Dict': dict, 'Any': object})"",
            ""set_debug_flag = True"",
            ""Flask = Flask"",
            ""self = type('Mock', (object,), {'app_import_path': app_import_path, 'create_app': create_app, 'data': {}, 'set_debug_flag': set_debug_flag, '_loaded_app': None})()""
        ]
    },
    {
        ""imports"": [
            ""from flask import Flask"",
            ""import typing as t""
        ],
        ""initialization"": [
            ""self = type('Mock', (object,), {'app_import_path': None, 'create_app': None, 'data': {}, 'set_debug_flag': None, '_loaded_app': None})()"",
            ""app_import_path = 'example.app'"",
            ""create_app = lambda _: Flask(__name__)"",
            ""t = type('Mock', (object,), {'Dict': dict, 'Any': object})()"",
            ""set_debug_flag = False"",
            ""Flask = Flask""
        ]
    }
]","[
    {
        ""imports"": [
            ""from flask import Flask # pragma: no cover"",
            ""import typing as t # pragma: no cover""
        ],
        ""initialization"": [
            ""create_app = lambda script_info: Flask(__name__) # pragma: no cover"",
            ""t = type('Mock', (object,), {'Dict': dict, 'Any': object})() # pragma: no cover"",
            ""set_debug_flag = True # pragma: no cover"",
            ""Flask = Flask # pragma: no cover""
        ]
    },
    {
        ""imports"": [
            ""from flask import Flask # pragma: no cover"",
            ""import typing as t # pragma: no cover""
        ],
        ""initialization"": [
            ""create_app = lambda script_info: Flask(__name__) # pragma: no cover"",
            ""t = type('Mock', (object,), {'Dict': dict, 'Any': object})() # pragma: no cover"",
            ""set_debug_flag = True # pragma: no cover""
        ]
    },
    {
        ""imports"": [
            ""from flask import Flask # pragma: no cover"",
            ""import typing as t # pragma: no cover""
        ],
        ""initialization"": [
            ""create_app = lambda script_info: Flask(__name__) # pragma: no cover"",
            ""t = type('Mock', (object,), {'Dict': dict, 'Any': object})() # pragma: no cover"",
            ""set_debug_flag = True # pragma: no cover"",
            ""Flask = Flask # pragma: no cover""
        ]
    },
    {
        ""imports"": [
            ""from flask import Flask # pragma: no cover"",
            ""import typing as t # pragma: no cover""
        ],
        ""initialization"": [
            ""create_app = lambda script_info: Flask(__name__) # pragma: no cover"",
            ""t = type('Mock', (object,), {'Dict': dict, 'Any': object})() # pragma: no cover"",
            ""set_debug_flag = True # pragma: no cover"",
            ""Flask = Flask # pragma: no cover""
        ]
    },
    {
        ""imports"": [
            ""from flask import Flask # pragma: no cover"",
            ""import typing as t # pragma: no cover""
        ],
        ""initialization"": [
            ""create_app = lambda script_info: Flask(__name__) # pragma: no cover"",
            ""t = type('Mock', (object,), {'Dict': dict, 'Any': object}) # pragma: no cover"",
            ""set_debug_flag = True # pragma: no cover"",
            ""Flask = Flask # pragma: no cover""
        ]
    },
    {
        ""imports"": [
            ""from flask import Flask # pragma: no cover"",
            ""import typing as t # pragma: no cover""
        ],
        ""initialization"": [
            ""create_app = lambda script_info: Flask(__name__) # pragma: no cover"",
            ""t = type('Mock', (object,), {'Dict': dict, 'Any': object}) # pragma: no cover"",
            ""set_debug_flag = True # pragma: no cover"",
            ""Flask = Flask # pragma: no cover""
        ]
    },
    {
        ""imports"": [
            ""from flask import Flask # pragma: no cover"",
            ""import typing as t # pragma: no cover""
        ],
        ""initialization"": [
            ""create_app = lambda script_info: Flask(__name__) # pragma: no cover"",
            ""t = type('Mock', (object,), {'Dict': dict, 'Any': object})() # pragma: no cover"",
            ""set_debug_flag = True # pragma: no cover"",
            ""Flask = Flask # pragma: no cover""
        ]
    },
    {
        ""imports"": [
            ""from flask import Flask # pragma: no cover"",
            ""import typing as t # pragma: no cover""
        ],
        ""initialization"": [
            ""create_app = lambda script_info: Flask(__name__) # pragma: no cover"",
            ""t = type('Mock', (object,), {'Dict': dict, 'Any': object}) # pragma: no cover"",
            ""set_debug_flag = True # pragma: no cover""
        ]
    },
    {
        ""imports"": [
            ""from flask import Flask # pragma: no cover"",
            ""import typing as t # pragma: no cover""
        ],
        ""initialization"": [
            ""create_app = lambda script_info: Flask(__name__) # pragma: no cover"",
            ""t = type('Mock', (object,), {'Dict': dict, 'Any': object}) # pragma: no cover"",
            ""set_debug_flag = True # pragma: no cover"",
            ""Flask = Flask # pragma: no cover""
        ]
    },
    {
        ""imports"": [
            ""from flask import Flask # pragma: no cover"",
            ""import typing as t # pragma: no cover""
        ],
        ""initialization"": [
            ""create_app = lambda _: Flask(__name__) # pragma: no cover"",
            ""t = type('Mock', (object,), {'Dict': dict, 'Any': object})() # pragma: no cover"",
            ""set_debug_flag = False # pragma: no cover"",
            ""Flask = Flask # pragma: no cover""
        ]
    }
]",2,2969,0.0014845,1451,0.0021765,0.003661
"When trying to execute the code snippet with the provided imports and initialization, the following error happens:
# begin error message
Execution error at line 10:
    self.app_import_path = app_import_path
NameError: name 'app_import_path' is not defined
# end error message

Please, provide self-contained and concrete Python fixed values of the imports and initialization to solve the error and make the code snippet executable.
Respond strictly with JSON. The JSON should be compatible with the TypeScript type `Response` from the following:

```ts
interface Response {
// Python import statements needed in the initialization code. One string per import.
imports: string[];
// Python code to initialize the undefined variables and make the code snippet executable. One string per undefined variable. The statements in the code snippet above are not part of the initialization of undefined variables. Therefore, their copy or modified versions should not be added here. The values should be self-contained and concrete, i.e. without assumptions or expected replacements of any code that is not present in the code snippet. In case there are undefined attributes or methods and the attribute or method base is not initialized, initialize the attribute or method base using type(""Mock"", bases, dict), where bases is a tuple containing the base classes that the Mock object inherits from, e.g. object, and dict is a dictionary containing the initialization of the undefined attributes and methods in the code snippet.
initialization: string[];
}
```","[
    {
        ""imports"": [
            ""import typing as t"",
            ""from flask import Flask""
        ],
        ""initialization"": [
            ""self = type('Mock', (object,), {"",
            ""    'app_import_path': 'my_flask_app',"",
            ""    'create_app': lambda script_info: Flask(__name__),"",
            ""    'data': {},"",
            ""    'set_debug_flag': True,"",
            ""    '_loaded_app': None"",
            ""})()"",
            ""app_import_path = 'my_flask_app'"",
            ""create_app = lambda script_info: Flask(__name__)"",
            ""t = type('Mock', (object,), {'Dict': dict, 'Any': object})"",
            ""set_debug_flag = True""
        ]
    },
    {
        ""imports"": [
            ""from flask import Flask"",
            ""import typing as t""
        ],
        ""initialization"": [
            ""app_import_path = 'my_flask_app'"",
            ""create_app = lambda script_info: Flask(__name__)"",
            ""t = type('Mock', (object,), {'Dict': dict, 'Any': object})"",
            ""set_debug_flag = True"",
            ""self = type('Mock', (object,), {"",
            ""    'app_import_path': app_import_path,"",
            ""    'create_app': create_app,"",
            ""    'data': {},"",
            ""    'set_debug_flag': set_debug_flag,"",
            ""    '_loaded_app': None"",
            ""})()""
        ]
    },
    {
        ""imports"": [
            ""from flask import Flask"",
            ""import typing as t""
        ],
        ""initialization"": [
            ""app_import_path = 'my_flask_app.app'"",
            ""create_app = lambda script_info: Flask(__name__)"",
            ""t = type('Mock', (object,), {'Dict': dict, 'Any': object})"",
            ""set_debug_flag = True"",
            ""self = type('Mock', (object,), {"",
            ""    'app_import_path': app_import_path,"",
            ""    'create_app': create_app,"",
            ""    'data': {},"",
            ""    'set_debug_flag': set_debug_flag,"",
            ""    '_loaded_app': None"",
            ""})()""
        ]
    },
    {
        ""imports"": [
            ""import typing as t"",
            ""from flask import Flask""
        ],
        ""initialization"": [
            ""app_import_path = 'my_flask_app'"",
            ""create_app = lambda script_info: Flask(__name__)"",
            ""t = __import__('typing')"",
            ""set_debug_flag = True"",
            ""self = type('Mock', (object,), {"",
            ""    'app_import_path': app_import_path,"",
            ""    'create_app': create_app,"",
            ""    'data': {},"",
            ""    'set_debug_flag': set_debug_flag,"",
            ""    '_loaded_app': None"",
            ""})()""
        ]
    },
    {
        ""imports"": [
            ""from flask import Flask"",
            ""import typing as t""
        ],
        ""initialization"": [
            ""self = type('Mock', (object,), {'app_import_path': None, 'create_app': None, 'data': {}, 'set_debug_flag': None, '_loaded_app': None})()"",
            ""self.app_import_path = 'my_flask_app'"",
            ""self.create_app = lambda script_info: Flask(__name__)"",
            ""t = type('Mock', (object,), {'Dict': dict, 'Any': object})"",
            ""self.set_debug_flag = True""
        ]
    },
    {
        ""imports"": [
            ""from flask import Flask"",
            ""import typing as t""
        ],
        ""initialization"": [
            ""self = type('MockSelf', (object,), {})()"",
            ""self.app_import_path = 'my_flask_app.app'"",
            ""self.create_app = lambda script_info: Flask(__name__)"",
            ""self.data = {}"",
            ""self.set_debug_flag = True"",
            ""self._loaded_app = None"",
            ""t = type('MockTyping', (object,), {'Dict': dict, 'Any': object})""
        ]
    },
    {
        ""imports"": [
            ""from flask import Flask"",
            ""import typing as t""
        ],
        ""initialization"": [
            ""self = type('Mock', (object,), {})()"",
            ""self.app_import_path = 'my_flask_app'"",
            ""create_app = lambda script_info: Flask(__name__)"",
            ""t = type('Mock', (object,), {'Dict': dict, 'Any': object})()"",
            ""self.set_debug_flag = True""
        ]
    },
    {
        ""imports"": [
            ""from flask import Flask"",
            ""import typing as t""
        ],
        ""initialization"": [
            ""self = type('MockSelf', (object,), {})()"",
            ""app_import_path = 'my_flask_app'"",
            ""create_app = lambda script_info: Flask(__name__)"",
            ""t = type('MockTyping', (object,), {'Dict': dict, 'Any': object})()"",
            ""set_debug_flag = True"",
            ""self.app_import_path = app_import_path"",
            ""self.create_app = create_app"",
            ""self.data = {}"",
            ""self.set_debug_flag = set_debug_flag"",
            ""self._loaded_app = None""
        ]
    },
    {
        ""imports"": [
            ""from flask import Flask"",
            ""import typing as t""
        ],
        ""initialization"": [
            ""self = type('Mock', (object,), {'app_import_path': None, 'create_app': None, 'data': {}, 'set_debug_flag': None, '_loaded_app': None})()"",
            ""app_import_path = 'my_flask_app'"",
            ""create_app = lambda script_info: Flask(__name__)"",
            ""t = type('MockTyping', (object,), {'Dict': dict, 'Any': object})"",
            ""self.set_debug_flag = True""
        ]
    },
    {
        ""imports"": [
            ""from flask import Flask"",
            ""import typing as t""
        ],
        ""initialization"": [
            ""self = type('Mock', (object,), {"",
            ""    'app_import_path': 'my_flask_app',"",
            ""    'create_app': lambda script_info: Flask(__name__),"",
            ""    'data': {},"",
            ""    'set_debug_flag': False,"",
            ""    '_loaded_app': None"",
            ""})()"",
            ""app_import_path = 'my_flask_app'"",
            ""create_app = lambda script_info: Flask(__name__)"",
            ""t = type('Mock', (object,), {'Dict': dict, 'Any': object})()"",
            ""set_debug_flag = False"",
            ""Flask = __import__('flask').Flask""
        ]
    }
]","[
    {
        ""imports"": [
            ""import typing as t # pragma: no cover"",
            ""from flask import Flask # pragma: no cover""
        ],
        ""initialization"": [
            ""self = type('Mock', (object,), { # pragma: no cover"",
            ""    'create_app': lambda script_info: Flask(__name__), # pragma: no cover"",
            ""    'data': {}, # pragma: no cover"",
            ""    'set_debug_flag': True, # pragma: no cover"",
            ""    '_loaded_app': None # pragma: no cover"",
            ""})() # pragma: no cover"",
            ""create_app = lambda script_info: Flask(__name__) # pragma: no cover"",
            ""t = type('Mock', (object,), {'Dict': dict, 'Any': object}) # pragma: no cover"",
            ""set_debug_flag = True # pragma: no cover""
        ]
    },
    {
        ""imports"": [
            ""from flask import Flask # pragma: no cover"",
            ""import typing as t # pragma: no cover""
        ],
        ""initialization"": [
            ""create_app = lambda script_info: Flask(__name__) # pragma: no cover"",
            ""t = type('Mock', (object,), {'Dict': dict, 'Any': object}) # pragma: no cover"",
            ""set_debug_flag = True # pragma: no cover"",
            ""self = type('Mock', (object,), { # pragma: no cover"",
            ""    'create_app': create_app, # pragma: no cover"",
            ""    'data': {}, # pragma: no cover"",
            ""    'set_debug_flag': set_debug_flag, # pragma: no cover"",
            ""    '_loaded_app': None # pragma: no cover"",
            ""})() # pragma: no cover""
        ]
    },
    {
        ""imports"": [
            ""from flask import Flask # pragma: no cover"",
            ""import typing as t # pragma: no cover""
        ],
        ""initialization"": [
            ""create_app = lambda script_info: Flask(__name__) # pragma: no cover"",
            ""t = type('Mock', (object,), {'Dict': dict, 'Any': object}) # pragma: no cover"",
            ""set_debug_flag = True # pragma: no cover"",
            ""self = type('Mock', (object,), { # pragma: no cover"",
            ""    'create_app': create_app, # pragma: no cover"",
            ""    'data': {}, # pragma: no cover"",
            ""    'set_debug_flag': set_debug_flag, # pragma: no cover"",
            ""    '_loaded_app': None # pragma: no cover"",
            ""})() # pragma: no cover""
        ]
    },
    {
        ""imports"": [
            ""import typing as t # pragma: no cover"",
            ""from flask import Flask # pragma: no cover""
        ],
        ""initialization"": [
            ""create_app = lambda script_info: Flask(__name__) # pragma: no cover"",
            ""set_debug_flag = True # pragma: no cover"",
            ""self = type('Mock', (object,), { # pragma: no cover"",
            ""    'create_app': create_app, # pragma: no cover"",
            ""    'data': {}, # pragma: no cover"",
            ""    'set_debug_flag': set_debug_flag, # pragma: no cover"",
            ""    '_loaded_app': None # pragma: no cover"",
            ""})() # pragma: no cover""
        ]
    },
    {
        ""imports"": [
            ""from flask import Flask # pragma: no cover"",
            ""import typing as t # pragma: no cover""
        ],
        ""initialization"": [
            ""self.create_app = lambda script_info: Flask(__name__) # pragma: no cover"",
            ""t = type('Mock', (object,), {'Dict': dict, 'Any': object}) # pragma: no cover"",
            ""self.set_debug_flag = True # pragma: no cover""
        ]
    },
    {
        ""imports"": [
            ""from flask import Flask # pragma: no cover"",
            ""import typing as t # pragma: no cover""
        ],
        ""initialization"": [
            ""self = type('MockSelf', (object,), {})() # pragma: no cover"",
            ""self.create_app = lambda script_info: Flask(__name__) # pragma: no cover"",
            ""self.data = {} # pragma: no cover"",
            ""self.set_debug_flag = True # pragma: no cover"",
            ""self._loaded_app = None # pragma: no cover"",
            ""t = type('MockTyping', (object,), {'Dict': dict, 'Any': object}) # pragma: no cover""
        ]
    },
    {
        ""imports"": [
            ""from flask import Flask # pragma: no cover"",
            ""import typing as t # pragma: no cover""
        ],
        ""initialization"": [
            ""self = type('Mock', (object,), {})() # pragma: no cover"",
            ""create_app = lambda script_info: Flask(__name__) # pragma: no cover"",
            ""t = type('Mock', (object,), {'Dict': dict, 'Any': object})() # pragma: no cover"",
            ""self.set_debug_flag = True # pragma: no cover""
        ]
    },
    {
        ""imports"": [
            ""from flask import Flask # pragma: no cover"",
            ""import typing as t # pragma: no cover""
        ],
        ""initialization"": [
            ""self = type('MockSelf', (object,), {})() # pragma: no cover"",
            ""create_app = lambda script_info: Flask(__name__) # pragma: no cover"",
            ""t = type('MockTyping', (object,), {'Dict': dict, 'Any': object})() # pragma: no cover"",
            ""set_debug_flag = True # pragma: no cover"",
            ""self.create_app = create_app # pragma: no cover"",
            ""self.data = {} # pragma: no cover"",
            ""self.set_debug_flag = set_debug_flag # pragma: no cover"",
            ""self._loaded_app = None # pragma: no cover""
        ]
    },
    {
        ""imports"": [
            ""from flask import Flask # pragma: no cover"",
            ""import typing as t # pragma: no cover""
        ],
        ""initialization"": [
            ""create_app = lambda script_info: Flask(__name__) # pragma: no cover"",
            ""t = type('MockTyping', (object,), {'Dict': dict, 'Any': object}) # pragma: no cover"",
            ""self.set_debug_flag = True # pragma: no cover""
        ]
    },
    {
        ""imports"": [
            ""from flask import Flask # pragma: no cover"",
            ""import typing as t # pragma: no cover""
        ],
        ""initialization"": [
            ""self = type('Mock', (object,), { # pragma: no cover"",
            ""    'create_app': lambda script_info: Flask(__name__), # pragma: no cover"",
            ""    'data': {}, # pragma: no cover"",
            ""    'set_debug_flag': False, # pragma: no cover"",
            ""    '_loaded_app': None # pragma: no cover"",
            ""})() # pragma: no cover"",
            ""create_app = lambda script_info: Flask(__name__) # pragma: no cover"",
            ""t = type('Mock', (object,), {'Dict': dict, 'Any': object})() # pragma: no cover"",
            ""set_debug_flag = False # pragma: no cover""
        ]
    }
]",2,3344,0.001672,1502,0.002253,0.003925
"When trying to execute the code snippet with the provided imports and initialization, the following error happens:
# begin error message
Execution error at line 11:
    self.app_import_path = app_import_path
NameError: name 'app_import_path' is not defined
# end error message

Please, provide self-contained and concrete Python fixed values of the imports and initialization to solve the error and make the code snippet executable.
Respond strictly with JSON. The JSON should be compatible with the TypeScript type `Response` from the following:

```ts
interface Response {
// Python import statements needed in the initialization code. One string per import.
imports: string[];
// Python code to initialize the undefined variables and make the code snippet executable. One string per undefined variable. The statements in the code snippet above are not part of the initialization of undefined variables. Therefore, their copy or modified versions should not be added here. The values should be self-contained and concrete, i.e. without assumptions or expected replacements of any code that is not present in the code snippet. In case there are undefined attributes or methods and the attribute or method base is not initialized, initialize the attribute or method base using type(""Mock"", bases, dict), where bases is a tuple containing the base classes that the Mock object inherits from, e.g. object, and dict is a dictionary containing the initialization of the undefined attributes and methods in the code snippet.
initialization: string[];
}
```","[
    {
        ""imports"": [
            ""from flask import Flask"",
            ""import typing as t""
        ],
        ""initialization"": [
            ""self = type('Mock', (object,), {'app_import_path': '/path/to/flask/app', 'create_app': lambda script_info: Flask(__name__), 'data': {}, 'set_debug_flag': False, '_loaded_app': None})()"",
            ""app_import_path = '/path/to/flask/app'"",
            ""create_app = lambda script_info: Flask(__name__)"",
            ""t = type('Mock', (object,), {'Dict': dict, 'Any': object})()"",
            ""set_debug_flag = False"",
            ""Flask = Flask""
        ]
    },
    {
        ""imports"": [
            ""from flask import Flask"",
            ""import typing as t""
        ],
        ""initialization"": [
            ""self = type('Mock', (object,), {})()"",
            ""self.app_import_path = '/path/to/flask/app'"",
            ""self.create_app = lambda script_info: Flask(__name__)"",
            ""self.data = {}"",
            ""self.set_debug_flag = True"",
            ""self._loaded_app = None"",
            ""t = type('Mock', (object,), {'Dict': dict, 'Any': object})()"",
            ""Flask = Flask""
        ]
    },
    {
        ""imports"": [
            ""from typing import Any, Dict"",
            ""from flask import Flask""
        ],
        ""initialization"": [
            ""self = type('Mock', (object,), {'app_import_path': None, 'create_app': None, 'data': {}, 'set_debug_flag': None, '_loaded_app': None})()"",
            ""app_import_path = 'app.module'"",
            ""create_app = lambda script_info: Flask(__name__)"",
            ""t = type('Mock', (object,), {'Dict': Dict, 'Any': Any})"",
            ""set_debug_flag = True"",
            ""Flask = Flask""
        ]
    },
    {
        ""imports"": [
            ""from typing import Any, Dict"",
            ""from flask import Flask""
        ],
        ""initialization"": [
            ""self = type('Mock', (object,), {'app_import_path': None, 'create_app': None, 'data': {}, 'set_debug_flag': None, '_loaded_app': None})()"",
            ""app_import_path = 'my_flask_app'"",
            ""create_app = lambda script_info: Flask(__name__)"",
            ""t = type('Mock', (object,), {'Dict': Dict, 'Any': Any})"",
            ""set_debug_flag = True"",
            ""Flask = Flask""
        ]
    },
    {
        ""imports"": [
            ""from flask import Flask"",
            ""import typing as t""
        ],
        ""initialization"": [
            ""self = type('Mock', (object,), {'app_import_path': None, 'create_app': None, 'data': {}, 'set_debug_flag': None, '_loaded_app': None})()"",
            ""app_import_path = 'my_flask_app import path'"",
            ""create_app = lambda x: Flask(__name__)"",
            ""t = type('Mock', (object,), {'Dict': dict, 'Any': object})()"",
            ""set_debug_flag = False"",
            ""Flask = Flask""
        ]
    },
    {
        ""imports"": [
            ""from typing import Any, Dict"",
            ""from flask import Flask""
        ],
        ""initialization"": [
            ""self = type('Mock', (object,), {'app_import_path': None, 'create_app': None, 'data': {}, 'set_debug_flag': None, '_loaded_app': None})()"",
            ""app_import_path = 'my_flask_app'"",
            ""create_app = lambda script_info: Flask(__name__)"",
            ""t = type('Mock', (object,), {'Dict': Dict, 'Any': Any})"",
            ""set_debug_flag = True"",
            ""Flask = Flask""
        ]
    },
    {
        ""imports"": [
            ""from flask import Flask"",
            ""import typing as t""
        ],
        ""initialization"": [
            ""app_import_path = '/path/to/flask/app'"",
            ""create_app = lambda script_info: Flask(__name__)"",
            ""set_debug_flag = True"",
            ""self = type('Mock', (object,), {'app_import_path': app_import_path, 'create_app': create_app, 'data': {}, 'set_debug_flag': set_debug_flag, '_loaded_app': None})()"",
            ""t = t"",
            ""Flask = Flask""
        ]
    },
    {
        ""imports"": [
            ""from flask import Flask"",
            ""import typing as t""
        ],
        ""initialization"": [
            ""self = type('Mock', (object,), {'app_import_path': None, 'create_app': None, 'data': {}, 'set_debug_flag': None, '_loaded_app': None})()"",
            ""app_import_path = ''"",
            ""create_app = lambda script_info: Flask(__name__)"",
            ""t = type('Mock', (object,), {'Dict': dict, 'Any': object})()"",
            ""set_debug_flag = False"",
            ""Flask = Flask""
        ]
    },
    {
        ""imports"": [
            ""from flask import Flask"",
            ""import typing as t""
        ],
        ""initialization"": [
            ""self = type('Mock', (object,), {'app_import_path': None, 'create_app': None, 'data': {}, 'set_debug_flag': None, '_loaded_app': None})()"",
            ""app_import_path = 'dummy_path'"",
            ""create_app = lambda script_info: Flask(__name__)"",
            ""t = type('Mock', (object,), {'Dict': dict, 'Any': object})()"",
            ""set_debug_flag = False"",
            ""Flask = Flask""
        ]
    },
    {
        ""imports"": [
            ""from flask import Flask"",
            ""import typing as t""
        ],
        ""initialization"": [
            ""self = type('Mock', (object,), {'app_import_path': None, 'create_app': None, 'data': {}, 'set_debug_flag': None, '_loaded_app': None})()"",
            ""app_import_path = 'app path example'"",
            ""create_app = lambda script_info: Flask(__name__)"",
            ""t = t"",
            ""set_debug_flag = True""
        ]
    }
]","[
    {
        ""imports"": [
            ""from flask import Flask # pragma: no cover"",
            ""import typing as t # pragma: no cover""
        ],
        ""initialization"": [
            ""create_app = lambda script_info: Flask(__name__) # pragma: no cover"",
            ""t = type('Mock', (object,), {'Dict': dict, 'Any': object})() # pragma: no cover"",
            ""set_debug_flag = False # pragma: no cover"",
            ""Flask = Flask # pragma: no cover""
        ]
    },
    {
        ""imports"": [
            ""from flask import Flask # pragma: no cover"",
            ""import typing as t # pragma: no cover""
        ],
        ""initialization"": [
            ""self = type('Mock', (object,), {})() # pragma: no cover"",
            ""self.create_app = lambda script_info: Flask(__name__) # pragma: no cover"",
            ""self.data = {} # pragma: no cover"",
            ""self.set_debug_flag = True # pragma: no cover"",
            ""self._loaded_app = None # pragma: no cover"",
            ""t = type('Mock', (object,), {'Dict': dict, 'Any': object})() # pragma: no cover"",
            ""Flask = Flask # pragma: no cover""
        ]
    },
    {
        ""imports"": [
            ""from typing import Any, Dict # pragma: no cover"",
            ""from flask import Flask # pragma: no cover""
        ],
        ""initialization"": [
            ""create_app = lambda script_info: Flask(__name__) # pragma: no cover"",
            ""t = type('Mock', (object,), {'Dict': Dict, 'Any': Any}) # pragma: no cover"",
            ""set_debug_flag = True # pragma: no cover"",
            ""Flask = Flask # pragma: no cover""
        ]
    },
    {
        ""imports"": [
            ""from typing import Any, Dict # pragma: no cover"",
            ""from flask import Flask # pragma: no cover""
        ],
        ""initialization"": [
            ""create_app = lambda script_info: Flask(__name__) # pragma: no cover"",
            ""t = type('Mock', (object,), {'Dict': Dict, 'Any': Any}) # pragma: no cover"",
            ""set_debug_flag = True # pragma: no cover"",
            ""Flask = Flask # pragma: no cover""
        ]
    },
    {
        ""imports"": [
            ""from flask import Flask # pragma: no cover"",
            ""import typing as t # pragma: no cover""
        ],
        ""initialization"": [
            ""create_app = lambda x: Flask(__name__) # pragma: no cover"",
            ""t = type('Mock', (object,), {'Dict': dict, 'Any': object})() # pragma: no cover"",
            ""set_debug_flag = False # pragma: no cover"",
            ""Flask = Flask # pragma: no cover""
        ]
    },
    {
        ""imports"": [
            ""from typing import Any, Dict # pragma: no cover"",
            ""from flask import Flask # pragma: no cover""
        ],
        ""initialization"": [
            ""create_app = lambda script_info: Flask(__name__) # pragma: no cover"",
            ""t = type('Mock', (object,), {'Dict': Dict, 'Any': Any}) # pragma: no cover"",
            ""set_debug_flag = True # pragma: no cover"",
            ""Flask = Flask # pragma: no cover""
        ]
    },
    {
        ""imports"": [
            ""from flask import Flask # pragma: no cover"",
            ""import typing as t # pragma: no cover""
        ],
        ""initialization"": [
            ""create_app = lambda script_info: Flask(__name__) # pragma: no cover"",
            ""set_debug_flag = True # pragma: no cover"",
            ""t = t # pragma: no cover"",
            ""Flask = Flask # pragma: no cover""
        ]
    },
    {
        ""imports"": [
            ""from flask import Flask # pragma: no cover"",
            ""import typing as t # pragma: no cover""
        ],
        ""initialization"": [
            ""create_app = lambda script_info: Flask(__name__) # pragma: no cover"",
            ""t = type('Mock', (object,), {'Dict': dict, 'Any': object})() # pragma: no cover"",
            ""set_debug_flag = False # pragma: no cover"",
            ""Flask = Flask # pragma: no cover""
        ]
    },
    {
        ""imports"": [
            ""from flask import Flask # pragma: no cover"",
            ""import typing as t # pragma: no cover""
        ],
        ""initialization"": [
            ""create_app = lambda script_info: Flask(__name__) # pragma: no cover"",
            ""t = type('Mock', (object,), {'Dict': dict, 'Any': object})() # pragma: no cover"",
            ""set_debug_flag = False # pragma: no cover"",
            ""Flask = Flask # pragma: no cover""
        ]
    },
    {
        ""imports"": [
            ""from flask import Flask # pragma: no cover"",
            ""import typing as t # pragma: no cover""
        ],
        ""initialization"": [
            ""create_app = lambda script_info: Flask(__name__) # pragma: no cover"",
            ""t = t # pragma: no cover"",
            ""set_debug_flag = True # pragma: no cover""
        ]
    }
]",2,3406,0.001703,1393,0.0020895,0.0037925
"When trying to execute the code snippet with the provided imports and initialization, the following error happens:
# begin error message
Execution error at line 9:
    self.app_import_path = app_import_path
NameError: name 'app_import_path' is not defined
# end error message

Please, provide self-contained and concrete Python fixed values of the imports and initialization to solve the error and make the code snippet executable.
Respond strictly with JSON. The JSON should be compatible with the TypeScript type `Response` from the following:

```ts
interface Response {
// Python import statements needed in the initialization code. One string per import.
imports: string[];
// Python code to initialize the undefined variables and make the code snippet executable. One string per undefined variable. The statements in the code snippet above are not part of the initialization of undefined variables. Therefore, their copy or modified versions should not be added here. The values should be self-contained and concrete, i.e. without assumptions or expected replacements of any code that is not present in the code snippet. In case there are undefined attributes or methods and the attribute or method base is not initialized, initialize the attribute or method base using type(""Mock"", bases, dict), where bases is a tuple containing the base classes that the Mock object inherits from, e.g. object, and dict is a dictionary containing the initialization of the undefined attributes and methods in the code snippet.
initialization: string[];
}
```","[
    {
        ""imports"": [
            ""from flask import Flask"",
            ""import typing as t""
        ],
        ""initialization"": [
            ""self = type('Mock', (object,), {"",
            ""    'app_import_path': None,"",
            ""    'create_app': None,"",
            ""    'data': {},"",
            ""    'set_debug_flag': None,"",
            ""    '_loaded_app': None"",
            ""})()"",
            ""self.app_import_path = 'my_flask_app'"",
            ""self.create_app = lambda script_info: Flask(__name__)"",
            ""self.set_debug_flag = True""
        ]
    },
    {
        ""imports"": [
            ""from flask import Flask"",
            ""import typing as t""
        ],
        ""initialization"": [
            ""self = type('Mock', (object,), {})()"",
            ""self.app_import_path = 'my_flask_app'"",
            ""self.create_app = lambda script_info: Flask(__name__)"",
            ""t = __import__('typing')"",
            ""self.set_debug_flag = True"",
            ""self._loaded_app = None""
        ]
    },
    {
        ""imports"": [
            ""from flask import Flask"",
            ""import typing as t""
        ],
        ""initialization"": [
            ""app_import_path = 'my_flask_app'"",
            ""create_app = lambda script_info: Flask(__name__)"",
            ""t = type('Mock', (object,), {'Dict': dict, 'Any': object})"",
            ""set_debug_flag = False"",
            ""self = type('Mock', (object,), {"",
            ""    'app_import_path': app_import_path,"",
            ""    'create_app': create_app,"",
            ""    'data': {},"",
            ""    'set_debug_flag': set_debug_flag,"",
            ""    '_loaded_app': None"",
            ""})()""
        ]
    },
    {
        ""imports"": [
            ""from flask import Flask"",
            ""import typing as t""
        ],
        ""initialization"": [
            ""app_import_path = 'my_flask_app'"",
            ""create_app = lambda script_info: Flask(__name__)"",
            ""t = __import__('typing')"",
            ""set_debug_flag = True"",
            ""self = type('Mock', (object,), {"",
            ""    'app_import_path': app_import_path,"",
            ""    'create_app': create_app,"",
            ""    'data': {},"",
            ""    'set_debug_flag': set_debug_flag,"",
            ""    '_loaded_app': None"",
            ""})()""
        ]
    },
    {
        ""imports"": [
            ""import typing as t"",
            ""from flask import Flask""
        ],
        ""initialization"": [
            ""self = type('Mock', (object,), {})()"",
            ""self.app_import_path = 'my_flask_app'"",
            ""self.create_app = lambda script_info: Flask(__name__)"",
            ""self.data = {}"",
            ""self.set_debug_flag = True"",
            ""self._loaded_app = None"",
            ""t = type('Mock', (object,), {'Dict': dict, 'Any': object})""
        ]
    },
    {
        ""imports"": [
            ""from flask import Flask"",
            ""import typing as t""
        ],
        ""initialization"": [
            ""self = type('Mock', (object,), {'app_import_path': None, 'create_app': None, 'data': {}, 'set_debug_flag': None, '_loaded_app': None})()"",
            ""app_import_path = 'my_flask_app'"",
            ""create_app = lambda script_info: Flask(__name__)"",
            ""self.app_import_path = app_import_path"",
            ""self.create_app = create_app"",
            ""self.set_debug_flag = False""
        ]
    },
    {
        ""imports"": [
            ""from flask import Flask"",
            ""import typing as t""
        ],
        ""initialization"": [
            ""self = type('Mock', (object,), {'app_import_path': None, 'create_app': None, 'data': {}, 'set_debug_flag': None, '_loaded_app': None})()"",
            ""self.app_import_path = 'my_flask_app'"",
            ""self.create_app = lambda script_info: Flask(__name__)"",
            ""self.data = {}"",
            ""t = __import__('typing')"",
            ""self.set_debug_flag = True"",
            ""self._loaded_app = None""
        ]
    },
    {
        ""imports"": [
            ""import typing as t"",
            ""from flask import Flask""
        ],
        ""initialization"": [
            ""self = type('Mock', (object,), {'app_import_path': None, 'create_app': None, 'data': {}, 'set_debug_flag': None, '_loaded_app': None})()"",
            ""self.app_import_path = 'my_flask_app'"",
            ""self.create_app = lambda script_info: Flask(__name__)"",
            ""t = __import__('typing')"",
            ""self.set_debug_flag = True"",
            ""self._loaded_app = None""
        ]
    },
    {
        ""imports"": [
            ""from flask import Flask"",
            ""import typing as t""
        ],
        ""initialization"": [
            ""app_import_path = 'my_flask_app'"",
            ""create_app = lambda script_info: Flask(__name__)"",
            ""t = __import__('typing')"",
            ""set_debug_flag = True"",
            ""self = type('Mock', (object,), {'app_import_path': app_import_path, 'create_app': create_app, 'data': {}, 'set_debug_flag': set_debug_flag, '_loaded_app': None})()""
        ]
    },
    {
        ""imports"": [
            ""from flask import Flask"",
            ""import typing as t""
        ],
        ""initialization"": [
            ""app_import_path = 'my_flask_app'"",
            ""create_app = lambda script_info: Flask(__name__)"",
            ""self = type('Mock', (object,), {"",
            ""    'app_import_path': app_import_path,"",
            ""    'create_app': create_app,"",
            ""    'data': {},"",
            ""    'set_debug_flag': None,"",
            ""    '_loaded_app': None"",
            ""})()"",
            ""t = __import__('typing')"",
            ""set_debug_flag = True""
        ]
    }
]","[
    {
        ""imports"": [
            ""from flask import Flask # pragma: no cover"",
            ""import typing as t # pragma: no cover""
        ],
        ""initialization"": [
            ""self = type('Mock', (object,), { # pragma: no cover"",
            ""    'create_app': None, # pragma: no cover"",
            ""    'data': {}, # pragma: no cover"",
            ""    'set_debug_flag': None, # pragma: no cover"",
            ""    '_loaded_app': None # pragma: no cover"",
            ""})() # pragma: no cover"",
            ""self.create_app = lambda script_info: Flask(__name__) # pragma: no cover"",
            ""self.set_debug_flag = True # pragma: no cover""
        ]
    },
    {
        ""imports"": [
            ""from flask import Flask # pragma: no cover"",
            ""import typing as t # pragma: no cover""
        ],
        ""initialization"": [
            ""self = type('Mock', (object,), {})() # pragma: no cover"",
            ""self.create_app = lambda script_info: Flask(__name__) # pragma: no cover"",
            ""self.set_debug_flag = True # pragma: no cover"",
            ""self._loaded_app = None # pragma: no cover""
        ]
    },
    {
        ""imports"": [
            ""from flask import Flask # pragma: no cover"",
            ""import typing as t # pragma: no cover""
        ],
        ""initialization"": [
            ""create_app = lambda script_info: Flask(__name__) # pragma: no cover"",
            ""t = type('Mock', (object,), {'Dict': dict, 'Any': object}) # pragma: no cover"",
            ""set_debug_flag = False # pragma: no cover"",
            ""self = type('Mock', (object,), { # pragma: no cover"",
            ""    'create_app': create_app, # pragma: no cover"",
            ""    'data': {}, # pragma: no cover"",
            ""    'set_debug_flag': set_debug_flag, # pragma: no cover"",
            ""    '_loaded_app': None # pragma: no cover"",
            ""})() # pragma: no cover""
        ]
    },
    {
        ""imports"": [
            ""from flask import Flask # pragma: no cover"",
            ""import typing as t # pragma: no cover""
        ],
        ""initialization"": [
            ""create_app = lambda script_info: Flask(__name__) # pragma: no cover"",
            ""set_debug_flag = True # pragma: no cover"",
            ""self = type('Mock', (object,), { # pragma: no cover"",
            ""    'create_app': create_app, # pragma: no cover"",
            ""    'data': {}, # pragma: no cover"",
            ""    'set_debug_flag': set_debug_flag, # pragma: no cover"",
            ""    '_loaded_app': None # pragma: no cover"",
            ""})() # pragma: no cover""
        ]
    },
    {
        ""imports"": [
            ""import typing as t # pragma: no cover"",
            ""from flask import Flask # pragma: no cover""
        ],
        ""initialization"": [
            ""self = type('Mock', (object,), {})() # pragma: no cover"",
            ""self.create_app = lambda script_info: Flask(__name__) # pragma: no cover"",
            ""self.data = {} # pragma: no cover"",
            ""self.set_debug_flag = True # pragma: no cover"",
            ""self._loaded_app = None # pragma: no cover"",
            ""t = type('Mock', (object,), {'Dict': dict, 'Any': object}) # pragma: no cover""
        ]
    },
    {
        ""imports"": [
            ""from flask import Flask # pragma: no cover"",
            ""import typing as t # pragma: no cover""
        ],
        ""initialization"": [
            ""create_app = lambda script_info: Flask(__name__) # pragma: no cover"",
            ""self.create_app = create_app # pragma: no cover"",
            ""self.set_debug_flag = False # pragma: no cover""
        ]
    },
    {
        ""imports"": [
            ""from flask import Flask # pragma: no cover"",
            ""import typing as t # pragma: no cover""
        ],
        ""initialization"": [
            ""self.create_app = lambda script_info: Flask(__name__) # pragma: no cover"",
            ""self.data = {} # pragma: no cover"",
            ""self.set_debug_flag = True # pragma: no cover"",
            ""self._loaded_app = None # pragma: no cover""
        ]
    },
    {
        ""imports"": [
            ""import typing as t # pragma: no cover"",
            ""from flask import Flask # pragma: no cover""
        ],
        ""initialization"": [
            ""self.create_app = lambda script_info: Flask(__name__) # pragma: no cover"",
            ""self.set_debug_flag = True # pragma: no cover"",
            ""self._loaded_app = None # pragma: no cover""
        ]
    },
    {
        ""imports"": [
            ""from flask import Flask # pragma: no cover"",
            ""import typing as t # pragma: no cover""
        ],
        ""initialization"": [
            ""create_app = lambda script_info: Flask(__name__) # pragma: no cover"",
            ""set_debug_flag = True # pragma: no cover""
        ]
    },
    {
        ""imports"": [
            ""from flask import Flask # pragma: no cover"",
            ""import typing as t # pragma: no cover""
        ],
        ""initialization"": [
            ""create_app = lambda script_info: Flask(__name__) # pragma: no cover"",
            ""self = type('Mock', (object,), { # pragma: no cover"",
            ""    'create_app': create_app, # pragma: no cover"",
            ""    'data': {}, # pragma: no cover"",
            ""    'set_debug_flag': None, # pragma: no cover"",
            ""    '_loaded_app': None # pragma: no cover"",
            ""})() # pragma: no cover"",
            ""set_debug_flag = True # pragma: no cover""
        ]
    }
]",2,3777,0.0018885,1376,0.002064,0.0039524999999999
"When trying to execute the code snippet with the provided imports and initialization, the following error happens:
# begin error message
Execution error at line 9:
    self.app_import_path = app_import_path
NameError: name 'app_import_path' is not defined
# end error message

Please, provide self-contained and concrete Python fixed values of the imports and initialization to solve the error and make the code snippet executable.
Respond strictly with JSON. The JSON should be compatible with the TypeScript type `Response` from the following:

```ts
interface Response {
// Python import statements needed in the initialization code. One string per import.
imports: string[];
// Python code to initialize the undefined variables and make the code snippet executable. One string per undefined variable. The statements in the code snippet above are not part of the initialization of undefined variables. Therefore, their copy or modified versions should not be added here. The values should be self-contained and concrete, i.e. without assumptions or expected replacements of any code that is not present in the code snippet. In case there are undefined attributes or methods and the attribute or method base is not initialized, initialize the attribute or method base using type(""Mock"", bases, dict), where bases is a tuple containing the base classes that the Mock object inherits from, e.g. object, and dict is a dictionary containing the initialization of the undefined attributes and methods in the code snippet.
initialization: string[];
}
```","[
    {
        ""imports"": [
            ""from typing import Any, Dict"",
            ""from flask import Flask""
        ],
        ""initialization"": [
            ""self = type('Mock', (object,), {'app_import_path': None, 'create_app': None, 'data': {}, 'set_debug_flag': None, '_loaded_app': None})()"",
            ""app_import_path = 'my_flask_app'"",
            ""create_app = lambda script_info: Flask(__name__)"",
            ""t = type('Mock', (object,), {'Dict': Dict, 'Any': Any})"",
            ""set_debug_flag = False"",
            ""Flask = Flask""
        ]
    },
    {
        ""imports"": [
            ""import typing as t"",
            ""from flask import Flask""
        ],
        ""initialization"": [
            ""self = type('Mock', (object,), {'app_import_path': None, 'create_app': None, 'data': {}, 'set_debug_flag': None, '_loaded_app': None})()"",
            ""app_import_path = 'my_flask_app'"",
            ""create_app = lambda script_info: Flask(__name__)"",
            ""t = type('Mock', (object,), {'Dict': dict, 'Any': object})()"",
            ""set_debug_flag = False""
        ]
    },
    {
        ""imports"": [
            ""import typing as t"",
            ""from flask import Flask""
        ],
        ""initialization"": [
            ""self = type('Mock', (object,), {'app_import_path': None, 'create_app': None, 'data': {}, 'set_debug_flag': None, '_loaded_app': None})()"",
            ""app_import_path = 'my_flask_app'"",
            ""create_app = lambda script_info: Flask(__name__)"",
            ""t = type('Mock', (object,), {'Dict': dict, 'Any': object})()"",
            ""set_debug_flag = True"",
            ""Flask = Flask""
        ]
    },
    {
        ""imports"": [
            ""import typing as t"",
            ""from flask import Flask""
        ],
        ""initialization"": [
            ""app_import_path = 'my_flask_app'"",
            ""create_app = lambda script_info: Flask(__name__)"",
            ""t = type('Mock', (object,), {'Dict': dict, 'Any': object})()"",
            ""set_debug_flag = False"",
            ""Flask = Flask"",
            ""self = type('Mock', (object,), {'app_import_path': app_import_path, 'create_app': create_app, 'data': {}, 'set_debug_flag': set_debug_flag, '_loaded_app': None})()""
        ]
    },
    {
        ""imports"": [
            ""from typing import Any, Dict"",
            ""from flask import Flask""
        ],
        ""initialization"": [
            ""self = type('Mock', (object,), {'app_import_path': None, 'create_app': None, 'data': {}, 'set_debug_flag': None, '_loaded_app': None})()"",
            ""app_import_path = 'my_flask_app'"",
            ""create_app = lambda script_info: Flask(__name__)"",
            ""t = type('MockTyping', (object,), {'Dict': Dict, 'Any': Any})"",
            ""set_debug_flag = True"",
            ""Flask = Flask""
        ]
    },
    {
        ""imports"": [
            ""from flask import Flask"",
            ""import typing as t""
        ],
        ""initialization"": [
            ""self = type('Mock', (object,), {'app_import_path': None, 'create_app': None, 'data': {}, 'set_debug_flag': None, '_loaded_app': None})()"",
            ""app_import_path = 'my_flask_app'"",
            ""create_app = lambda x: Flask(__name__)"",
            ""t = type('Mock', (object,), {'Dict': dict, 'Any': object})"",
            ""set_debug_flag = True"",
            ""self.app_import_path = app_import_path"",
            ""self.create_app = create_app"",
            ""self.data = {}"",
            ""self.set_debug_flag = set_debug_flag"",
            ""self._loaded_app = None""
        ]
    },
    {
        ""imports"": [
            ""from flask import Flask"",
            ""import typing as t""
        ],
        ""initialization"": [
            ""self = type('Mock', (object,), {'app_import_path': None, 'create_app': None, 'data': {}, 'set_debug_flag': False, '_loaded_app': None})()"",
            ""app_import_path = 'my_flask_app'"",
            ""create_app = lambda script_info: Flask(__name__)"",
            ""t = type('Mock', (object,), {'Dict': dict, 'Any': object})()"",
            ""set_debug_flag = False""
        ]
    },
    {
        ""imports"": [
            ""from flask import Flask"",
            ""import typing as t""
        ],
        ""initialization"": [
            ""self = type('Mock', (object,), {'app_import_path': None, 'create_app': None, 'data': {}, 'set_debug_flag': None, '_loaded_app': None})()"",
            ""app_import_path = 'example_import_path'"",
            ""create_app = lambda script_info: Flask(__name__)"",
            ""t = type('Mock', (object,), {'Dict': dict, 'Any': object})()"",
            ""set_debug_flag = True""
        ]
    },
    {
        ""imports"": [
            ""from flask import Flask"",
            ""import typing as t""
        ],
        ""initialization"": [
            ""self = type('Mock', (object,), {'app_import_path': None, 'create_app': None, 'data': {}, 'set_debug_flag': None, '_loaded_app': None})()"",
            ""app_import_path = 'some_import_path'"",
            ""create_app = lambda script_info: Flask(__name__)"",
            ""t = type('Mock', (object,), {'Dict': dict, 'Any': object})()"",
            ""set_debug_flag = False"",
            ""Flask = Flask""
        ]
    },
    {
        ""imports"": [
            ""import typing as t"",
            ""from flask import Flask""
        ],
        ""initialization"": [
            ""self = type('Mock', (object,), {'app_import_path': None, 'create_app': None, 'data': {}, 'set_debug_flag': None, '_loaded_app': None})()"",
            ""app_import_path = 'my_flask_app'"",
            ""create_app = lambda script_info: Flask(__name__)"",
            ""self.app_import_path = app_import_path"",
            ""self.create_app = create_app"",
            ""self.data = {}"",
            ""t = type('Mock', (object,), {'Dict': dict, 'Any': object})()"",
            ""set_debug_flag = True"",
            ""self.set_debug_flag = set_debug_flag"",
            ""self._loaded_app = None""
        ]
    }
]","[
    {
        ""imports"": [
            ""from typing import Any, Dict # pragma: no cover"",
            ""from flask import Flask # pragma: no cover""
        ],
        ""initialization"": [
            ""create_app = lambda script_info: Flask(__name__) # pragma: no cover"",
            ""t = type('Mock', (object,), {'Dict': Dict, 'Any': Any}) # pragma: no cover"",
            ""set_debug_flag = False # pragma: no cover"",
            ""Flask = Flask # pragma: no cover""
        ]
    },
    {
        ""imports"": [
            ""import typing as t # pragma: no cover"",
            ""from flask import Flask # pragma: no cover""
        ],
        ""initialization"": [
            ""create_app = lambda script_info: Flask(__name__) # pragma: no cover"",
            ""t = type('Mock', (object,), {'Dict': dict, 'Any': object})() # pragma: no cover"",
            ""set_debug_flag = False # pragma: no cover""
        ]
    },
    {
        ""imports"": [
            ""import typing as t # pragma: no cover"",
            ""from flask import Flask # pragma: no cover""
        ],
        ""initialization"": [
            ""create_app = lambda script_info: Flask(__name__) # pragma: no cover"",
            ""t = type('Mock', (object,), {'Dict': dict, 'Any': object})() # pragma: no cover"",
            ""set_debug_flag = True # pragma: no cover"",
            ""Flask = Flask # pragma: no cover""
        ]
    },
    {
        ""imports"": [
            ""import typing as t # pragma: no cover"",
            ""from flask import Flask # pragma: no cover""
        ],
        ""initialization"": [
            ""create_app = lambda script_info: Flask(__name__) # pragma: no cover"",
            ""t = type('Mock', (object,), {'Dict': dict, 'Any': object})() # pragma: no cover"",
            ""set_debug_flag = False # pragma: no cover"",
            ""Flask = Flask # pragma: no cover""
        ]
    },
    {
        ""imports"": [
            ""from typing import Any, Dict # pragma: no cover"",
            ""from flask import Flask # pragma: no cover""
        ],
        ""initialization"": [
            ""create_app = lambda script_info: Flask(__name__) # pragma: no cover"",
            ""t = type('MockTyping', (object,), {'Dict': Dict, 'Any': Any}) # pragma: no cover"",
            ""set_debug_flag = True # pragma: no cover"",
            ""Flask = Flask # pragma: no cover""
        ]
    },
    {
        ""imports"": [
            ""from flask import Flask # pragma: no cover"",
            ""import typing as t # pragma: no cover""
        ],
        ""initialization"": [
            ""create_app = lambda x: Flask(__name__) # pragma: no cover"",
            ""t = type('Mock', (object,), {'Dict': dict, 'Any': object}) # pragma: no cover"",
            ""set_debug_flag = True # pragma: no cover"",
            ""self.create_app = create_app # pragma: no cover"",
            ""self.data = {} # pragma: no cover"",
            ""self.set_debug_flag = set_debug_flag # pragma: no cover"",
            ""self._loaded_app = None # pragma: no cover""
        ]
    },
    {
        ""imports"": [
            ""from flask import Flask # pragma: no cover"",
            ""import typing as t # pragma: no cover""
        ],
        ""initialization"": [
            ""create_app = lambda script_info: Flask(__name__) # pragma: no cover"",
            ""t = type('Mock', (object,), {'Dict': dict, 'Any': object})() # pragma: no cover"",
            ""set_debug_flag = False # pragma: no cover""
        ]
    },
    {
        ""imports"": [
            ""from flask import Flask # pragma: no cover"",
            ""import typing as t # pragma: no cover""
        ],
        ""initialization"": [
            ""create_app = lambda script_info: Flask(__name__) # pragma: no cover"",
            ""t = type('Mock', (object,), {'Dict': dict, 'Any': object})() # pragma: no cover"",
            ""set_debug_flag = True # pragma: no cover""
        ]
    },
    {
        ""imports"": [
            ""from flask import Flask # pragma: no cover"",
            ""import typing as t # pragma: no cover""
        ],
        ""initialization"": [
            ""create_app = lambda script_info: Flask(__name__) # pragma: no cover"",
            ""t = type('Mock', (object,), {'Dict': dict, 'Any': object})() # pragma: no cover"",
            ""set_debug_flag = False # pragma: no cover"",
            ""Flask = Flask # pragma: no cover""
        ]
    },
    {
        ""imports"": [
            ""import typing as t # pragma: no cover"",
            ""from flask import Flask # pragma: no cover""
        ],
        ""initialization"": [
            ""create_app = lambda script_info: Flask(__name__) # pragma: no cover"",
            ""self.create_app = create_app # pragma: no cover"",
            ""self.data = {} # pragma: no cover"",
            ""t = type('Mock', (object,), {'Dict': dict, 'Any': object})() # pragma: no cover"",
            ""set_debug_flag = True # pragma: no cover"",
            ""self.set_debug_flag = set_debug_flag # pragma: no cover"",
            ""self._loaded_app = None # pragma: no cover""
        ]
    }
]",2,3815,0.0019075,1493,0.0022395,0.004147
"When trying to execute the code snippet with the provided imports and initialization, the following error happens:
# begin error message
Execution error at line 11:
    self.app_import_path = app_import_path
NameError: name 'app_import_path' is not defined
# end error message

Please, provide self-contained and concrete Python fixed values of the imports and initialization to solve the error and make the code snippet executable.
Respond strictly with JSON. The JSON should be compatible with the TypeScript type `Response` from the following:

```ts
interface Response {
// Python import statements needed in the initialization code. One string per import.
imports: string[];
// Python code to initialize the undefined variables and make the code snippet executable. One string per undefined variable. The statements in the code snippet above are not part of the initialization of undefined variables. Therefore, their copy or modified versions should not be added here. The values should be self-contained and concrete, i.e. without assumptions or expected replacements of any code that is not present in the code snippet. In case there are undefined attributes or methods and the attribute or method base is not initialized, initialize the attribute or method base using type(""Mock"", bases, dict), where bases is a tuple containing the base classes that the Mock object inherits from, e.g. object, and dict is a dictionary containing the initialization of the undefined attributes and methods in the code snippet.
initialization: string[];
}
```","[
    {
        ""imports"": [
            ""from flask import Flask"",
            ""import typing as t""
        ],
        ""initialization"": [
            ""self = type('Mock', (object,), {'app_import_path': None, 'create_app': None, 'data': {}, 'set_debug_flag': None, '_loaded_app': None})()"",
            ""app_import_path = 'my_flask_app'"",
            ""create_app = lambda script_info: Flask(__name__)"",
            ""t = type('Mock', (object,), {'Dict': dict, 'Any': object})"",
            ""self.app_import_path = app_import_path"",
            ""self.create_app = create_app"",
            ""self.set_debug_flag = False""
        ]
    },
    {
        ""imports"": [
            ""from flask import Flask"",
            ""import typing as t""
        ],
        ""initialization"": [
            ""self = type('Mock', (object,), {'app_import_path': None, 'create_app': None, 'data': {}, 'set_debug_flag': None, '_loaded_app': None})()"",
            ""self.app_import_path = 'my_flask_app'"",
            ""self.create_app = lambda script_info: Flask(__name__)"",
            ""t = type('Mock', (object,), {'Dict': dict, 'Any': object})"",
            ""self.set_debug_flag = True""
        ]
    },
    {
        ""imports"": [
            ""from flask import Flask"",
            ""import typing as t""
        ],
        ""initialization"": [
            ""self = type('Mock', (object,), {'app_import_path': None, 'create_app': None, 'data': {}, 'set_debug_flag': None, '_loaded_app': None})()"",
            ""app_import_path = 'my_flask_app'"",
            ""create_app = lambda script_info: Flask(__name__)"",
            ""self.app_import_path = app_import_path"",
            ""t = __import__('typing')"",
            ""set_debug_flag = True"",
            ""Flask = __import__('flask').Flask""
        ]
    },
    {
        ""imports"": [
            ""from flask import Flask"",
            ""import typing as t""
        ],
        ""initialization"": [
            ""self = type('Mock', (object,), {'app_import_path': None, 'create_app': None, 'data': {}, 'set_debug_flag': None, '_loaded_app': None})()"",
            ""app_import_path = 'my_flask_app'"",
            ""create_app = lambda script_info: Flask(__name__)"",
            ""t = type('Mock', (object,), {'Dict': dict, 'Any': object})()"",
            ""self.app_import_path = app_import_path"",
            ""self.create_app = create_app"",
            ""self.set_debug_flag = True""
        ]
    },
    {
        ""imports"": [
            ""from flask import Flask"",
            ""import typing as t""
        ],
        ""initialization"": [
            ""self = type('Mock', (object,), {"",
            ""    'app_import_path': '',"",
            ""    'create_app': None,"",
            ""    'data': {},"",
            ""    'set_debug_flag': None,"",
            ""    '_loaded_app': None"",
            ""})()"",
            ""app_import_path = ''"",
            ""create_app = lambda script_info: Flask(__name__)"",
            ""t = __import__('typing')"",
            ""set_debug_flag = False"",
            ""Flask = __import__('flask').Flask""
        ]
    },
    {
        ""imports"": [
            ""from flask import Flask"",
            ""import typing as t""
        ],
        ""initialization"": [
            ""self = type('Mock', (object,), {'app_import_path': '', 'create_app': lambda script_info: Flask(__name__), 'data': {}, 'set_debug_flag': False, '_loaded_app': None})()"",
            ""app_import_path = 'my_flask_app'"",
            ""create_app = lambda script_info: Flask(__name__)"",
            ""t = type('Mock', (object,), {'Dict': dict, 'Any': object})"",
            ""set_debug_flag = True""
        ]
    },
    {
        ""imports"": [
            ""from flask import Flask"",
            ""import typing as t""
        ],
        ""initialization"": [
            ""self = type('Mock', (object,), {'app_import_path': None, 'create_app': None, 'data': {}, 'set_debug_flag': None, '_loaded_app': None})()"",
            ""app_import_path = 'my_flask_app'"",
            ""create_app = lambda script_info: Flask(__name__)"",
            ""self.app_import_path = app_import_path"",
            ""self.create_app = create_app"",
            ""self.data = {}"",
            ""self.set_debug_flag = False"",
            ""self._loaded_app = None""
        ]
    },
    {
        ""imports"": [
            ""from flask import Flask"",
            ""import typing as t""
        ],
        ""initialization"": [
            ""self = type('Mock', (object,), {'app_import_path': None, 'create_app': None, 'data': {}, 'set_debug_flag': None, '_loaded_app': None})()"",
            ""self.app_import_path = 'my_flask_app'"",
            ""self.create_app = lambda script_info: Flask(__name__)"",
            ""t = __import__('typing')"",
            ""self.set_debug_flag = False"",
            ""Flask = __import__('flask').Flask""
        ]
    },
    {
        ""imports"": [
            ""from flask import Flask"",
            ""import typing as t""
        ],
        ""initialization"": [
            ""self = type('Mock', (object,), {'app_import_path': None, 'create_app': None, 'data': {}, 'set_debug_flag': None, '_loaded_app': None})()"",
            ""app_import_path = 'my_flask_app'"",
            ""create_app = lambda script_info: Flask(__name__)"",
            ""t = type('Mock', (object,), {'Dict': dict, 'Any': object})"",
            ""self.set_debug_flag = False"",
            ""self.app_import_path = app_import_path"",
            ""self.create_app = create_app""
        ]
    },
    {
        ""imports"": [
            ""from flask import Flask"",
            ""import typing as t""
        ],
        ""initialization"": [
            ""self = type('Mock', (object,), {'app_import_path': None, 'create_app': None, 'data': {}, 'set_debug_flag': None, '_loaded_app': None})()"",
            ""app_import_path = 'my_flask_app'"",
            ""create_app = lambda script_info: Flask(__name__)"",
            ""t = __import__('typing')"",
            ""set_debug_flag = False"",
            ""self.app_import_path = app_import_path""
        ]
    }
]","[
    {
        ""imports"": [
            ""from flask import Flask # pragma: no cover"",
            ""import typing as t # pragma: no cover""
        ],
        ""initialization"": [
            ""create_app = lambda script_info: Flask(__name__) # pragma: no cover"",
            ""t = type('Mock', (object,), {'Dict': dict, 'Any': object}) # pragma: no cover"",
            ""self.create_app = create_app # pragma: no cover"",
            ""self.set_debug_flag = False # pragma: no cover""
        ]
    },
    {
        ""imports"": [
            ""from flask import Flask # pragma: no cover"",
            ""import typing as t # pragma: no cover""
        ],
        ""initialization"": [
            ""self.create_app = lambda script_info: Flask(__name__) # pragma: no cover"",
            ""t = type('Mock', (object,), {'Dict': dict, 'Any': object}) # pragma: no cover"",
            ""self.set_debug_flag = True # pragma: no cover""
        ]
    },
    {
        ""imports"": [
            ""from flask import Flask # pragma: no cover"",
            ""import typing as t # pragma: no cover""
        ],
        ""initialization"": [
            ""create_app = lambda script_info: Flask(__name__) # pragma: no cover"",
            ""set_debug_flag = True # pragma: no cover""
        ]
    },
    {
        ""imports"": [
            ""from flask import Flask # pragma: no cover"",
            ""import typing as t # pragma: no cover""
        ],
        ""initialization"": [
            ""create_app = lambda script_info: Flask(__name__) # pragma: no cover"",
            ""t = type('Mock', (object,), {'Dict': dict, 'Any': object})() # pragma: no cover"",
            ""self.create_app = create_app # pragma: no cover"",
            ""self.set_debug_flag = True # pragma: no cover""
        ]
    },
    {
        ""imports"": [
            ""from flask import Flask # pragma: no cover"",
            ""import typing as t # pragma: no cover""
        ],
        ""initialization"": [
            ""self = type('Mock', (object,), { # pragma: no cover"",
            ""    'create_app': None, # pragma: no cover"",
            ""    'data': {}, # pragma: no cover"",
            ""    'set_debug_flag': None, # pragma: no cover"",
            ""    '_loaded_app': None # pragma: no cover"",
            ""})() # pragma: no cover"",
            ""create_app = lambda script_info: Flask(__name__) # pragma: no cover"",
            ""set_debug_flag = False # pragma: no cover""
        ]
    },
    {
        ""imports"": [
            ""from flask import Flask # pragma: no cover"",
            ""import typing as t # pragma: no cover""
        ],
        ""initialization"": [
            ""create_app = lambda script_info: Flask(__name__) # pragma: no cover"",
            ""t = type('Mock', (object,), {'Dict': dict, 'Any': object}) # pragma: no cover"",
            ""set_debug_flag = True # pragma: no cover""
        ]
    },
    {
        ""imports"": [
            ""from flask import Flask # pragma: no cover"",
            ""import typing as t # pragma: no cover""
        ],
        ""initialization"": [
            ""create_app = lambda script_info: Flask(__name__) # pragma: no cover"",
            ""self.create_app = create_app # pragma: no cover"",
            ""self.data = {} # pragma: no cover"",
            ""self.set_debug_flag = False # pragma: no cover"",
            ""self._loaded_app = None # pragma: no cover""
        ]
    },
    {
        ""imports"": [
            ""from flask import Flask # pragma: no cover"",
            ""import typing as t # pragma: no cover""
        ],
        ""initialization"": [
            ""self.create_app = lambda script_info: Flask(__name__) # pragma: no cover"",
            ""self.set_debug_flag = False # pragma: no cover""
        ]
    },
    {
        ""imports"": [
            ""from flask import Flask # pragma: no cover"",
            ""import typing as t # pragma: no cover""
        ],
        ""initialization"": [
            ""create_app = lambda script_info: Flask(__name__) # pragma: no cover"",
            ""t = type('Mock', (object,), {'Dict': dict, 'Any': object}) # pragma: no cover"",
            ""self.set_debug_flag = False # pragma: no cover"",
            ""self.create_app = create_app # pragma: no cover""
        ]
    },
    {
        ""imports"": [
            ""from flask import Flask # pragma: no cover"",
            ""import typing as t # pragma: no cover""
        ],
        ""initialization"": [
            ""create_app = lambda script_info: Flask(__name__) # pragma: no cover"",
            ""set_debug_flag = False # pragma: no cover""
        ]
    }
]",2,4178,0.002089,1479,0.0022185,0.0043075
"When trying to execute the code snippet with the provided imports and initialization, the following error happens:
# begin error message
Execution error at line 10:
    self.app_import_path = app_import_path
NameError: name 'app_import_path' is not defined
# end error message

Please, provide self-contained and concrete Python fixed values of the imports and initialization to solve the error and make the code snippet executable.
Respond strictly with JSON. The JSON should be compatible with the TypeScript type `Response` from the following:

```ts
interface Response {
// Python import statements needed in the initialization code. One string per import.
imports: string[];
// Python code to initialize the undefined variables and make the code snippet executable. One string per undefined variable. The statements in the code snippet above are not part of the initialization of undefined variables. Therefore, their copy or modified versions should not be added here. The values should be self-contained and concrete, i.e. without assumptions or expected replacements of any code that is not present in the code snippet. In case there are undefined attributes or methods and the attribute or method base is not initialized, initialize the attribute or method base using type(""Mock"", bases, dict), where bases is a tuple containing the base classes that the Mock object inherits from, e.g. object, and dict is a dictionary containing the initialization of the undefined attributes and methods in the code snippet.
initialization: string[];
}
```","[
    {
        ""imports"": [
            ""from flask import Flask"",
            ""import typing as t""
        ],
        ""initialization"": [
            ""self = type('Mock', (object,), {'app_import_path': None, 'create_app': None, 'data': {}, 'set_debug_flag': None, '_loaded_app': None})()"",
            ""app_import_path = 'my_flask_app'"",
            ""create_app = lambda script_info: Flask(__name__)"",
            ""t = t"",
            ""self.app_import_path = app_import_path"",
            ""self.create_app = create_app"",
            ""self.data = {}"",
            ""set_debug_flag = True""
        ]
    },
    {
        ""imports"": [
            ""from flask import Flask"",
            ""import typing as t""
        ],
        ""initialization"": [
            ""app_import_path = 'my_flask_app'"",
            ""create_app = lambda script_info: Flask(__name__)"",
            ""t = type('Mock', (object,), {'Dict': dict, 'Any': object})()"",
            ""set_debug_flag = True"",
            ""self = type('Mock', (object,), {'app_import_path': app_import_path, 'create_app': create_app, 'data': {}, 'set_debug_flag': set_debug_flag, '_loaded_app': None})()""
        ]
    },
    {
        ""imports"": [
            ""from typing import Any, Dict"",
            ""from flask import Flask""
        ],
        ""initialization"": [
            ""self = type('Mock', (object,), {'app_import_path': None, 'create_app': None, 'data': {}, 'set_debug_flag': None, '_loaded_app': None})()"",
            ""app_import_path = 'my_flask_app'"",
            ""create_app = lambda info: Flask(__name__)"",
            ""t = type('Mock', (object,), {'Dict': Dict, 'Any': Any})()"",
            ""set_debug_flag = False""
        ]
    },
    {
        ""imports"": [
            ""import typing as t"",
            ""from flask import Flask""
        ],
        ""initialization"": [
            ""self = type('Mock', (object,), {'app_import_path': None, 'create_app': None, 'data': {}, 'set_debug_flag': None, '_loaded_app': None})()"",
            ""app_import_path = 'my_flask_app'"",
            ""create_app = lambda script_info: Flask(__name__)"",
            ""t = type('Mock', (object,), {'Dict': dict, 'Any': object})()"",
            ""set_debug_flag = True""
        ]
    },
    {
        ""imports"": [
            ""from flask import Flask"",
            ""import typing as t""
        ],
        ""initialization"": [
            ""self = type('Mock', (object,), {'app_import_path': None, 'create_app': None, 'data': {}, 'set_debug_flag': None, '_loaded_app': None})()"",
            ""app_import_path = 'my_flask_app'"",
            ""create_app = lambda script_info: Flask(__name__)"",
            ""t = type('Mock', (object,), {'Dict': dict, 'Any': object})()"",
            ""set_debug_flag = True""
        ]
    },
    {
        ""imports"": [
            ""from typing import Any, Dict"",
            ""from flask import Flask""
        ],
        ""initialization"": [
            ""self = type('Mock', (object,), {'app_import_path': None, 'create_app': None, 'data': {}, 'set_debug_flag': None, '_loaded_app': None})()"",
            ""app_import_path = 'my_flask_app'"",
            ""create_app = lambda script_info: Flask(__name__)"",
            ""t = type('Mock', (object,), {'Dict': Dict, 'Any': Any})()"",
            ""set_debug_flag = False""
        ]
    },
    {
        ""imports"": [
            ""import typing as t"",
            ""from flask import Flask""
        ],
        ""initialization"": [
            ""self = type('Mock', (object,), {'app_import_path': None, 'create_app': None, 'data': {}, 'set_debug_flag': None, '_loaded_app': None})()"",
            ""app_import_path = 'my_flask_app'"",
            ""create_app = lambda script_info: Flask(__name__)"",
            ""set_debug_flag = False""
        ]
    },
    {
        ""imports"": [
            ""from typing import Any, Dict"",
            ""from flask import Flask""
        ],
        ""initialization"": [
            ""app_import_path = 'my_flask_app_path'"",
            ""create_app = lambda script_info: Flask(__name__)"",
            ""set_debug_flag = True"",
            ""t = type('Mock', (object,), {'Dict': Dict, 'Any': Any})"",
            ""self = type('Mock', (object,), {'app_import_path': app_import_path, 'create_app': create_app, 'data': {}, 'set_debug_flag': set_debug_flag, '_loaded_app': None})()""
        ]
    },
    {
        ""imports"": [
            ""from flask import Flask"",
            ""import typing as t""
        ],
        ""initialization"": [
            ""self = type('Mock', (object,), {'app_import_path': None, 'create_app': None, 'data': {}, 'set_debug_flag': None, '_loaded_app': None})()"",
            ""app_import_path = 'my_flask_app'"",
            ""create_app = lambda info: Flask(__name__)"",
            ""t = type('Mock', (object,), {'Dict': dict, 'Any': object})()"",
            ""set_debug_flag = True""
        ]
    },
    {
        ""imports"": [
            ""from typing import Any, Dict"",
            ""from flask import Flask""
        ],
        ""initialization"": [
            ""self = type('Mock', (object,), {'app_import_path': None, 'create_app': None, 'data': {}, 'set_debug_flag': None, '_loaded_app': None})()"",
            ""app_import_path = 'my_flask_app'"",
            ""create_app = lambda info: Flask(__name__)"",
            ""t = type('Mock', (object,), {'Dict': Dict, 'Any': Any})()"",
            ""set_debug_flag = False"",
            ""self.app_import_path = app_import_path"",
            ""self.create_app = create_app"",
            ""self.data: t.Dict[t.Any, t.Any] = {}"",
            ""self.set_debug_flag = set_debug_flag"",
            ""self._loaded_app: Flask | None = None""
        ]
    }
]","[
    {
        ""imports"": [
            ""from flask import Flask # pragma: no cover"",
            ""import typing as t # pragma: no cover""
        ],
        ""initialization"": [
            ""create_app = lambda script_info: Flask(__name__) # pragma: no cover"",
            ""t = t # pragma: no cover"",
            ""self.create_app = create_app # pragma: no cover"",
            ""self.data = {} # pragma: no cover"",
            ""set_debug_flag = True # pragma: no cover""
        ]
    },
    {
        ""imports"": [
            ""from flask import Flask # pragma: no cover"",
            ""import typing as t # pragma: no cover""
        ],
        ""initialization"": [
            ""create_app = lambda script_info: Flask(__name__) # pragma: no cover"",
            ""t = type('Mock', (object,), {'Dict': dict, 'Any': object})() # pragma: no cover"",
            ""set_debug_flag = True # pragma: no cover""
        ]
    },
    {
        ""imports"": [
            ""from typing import Any, Dict # pragma: no cover"",
            ""from flask import Flask # pragma: no cover""
        ],
        ""initialization"": [
            ""create_app = lambda info: Flask(__name__) # pragma: no cover"",
            ""t = type('Mock', (object,), {'Dict': Dict, 'Any': Any})() # pragma: no cover"",
            ""set_debug_flag = False # pragma: no cover""
        ]
    },
    {
        ""imports"": [
            ""import typing as t # pragma: no cover"",
            ""from flask import Flask # pragma: no cover""
        ],
        ""initialization"": [
            ""create_app = lambda script_info: Flask(__name__) # pragma: no cover"",
            ""t = type('Mock', (object,), {'Dict': dict, 'Any': object})() # pragma: no cover"",
            ""set_debug_flag = True # pragma: no cover""
        ]
    },
    {
        ""imports"": [
            ""from flask import Flask # pragma: no cover"",
            ""import typing as t # pragma: no cover""
        ],
        ""initialization"": [
            ""create_app = lambda script_info: Flask(__name__) # pragma: no cover"",
            ""t = type('Mock', (object,), {'Dict': dict, 'Any': object})() # pragma: no cover"",
            ""set_debug_flag = True # pragma: no cover""
        ]
    },
    {
        ""imports"": [
            ""from typing import Any, Dict # pragma: no cover"",
            ""from flask import Flask # pragma: no cover""
        ],
        ""initialization"": [
            ""create_app = lambda script_info: Flask(__name__) # pragma: no cover"",
            ""t = type('Mock', (object,), {'Dict': Dict, 'Any': Any})() # pragma: no cover"",
            ""set_debug_flag = False # pragma: no cover""
        ]
    },
    {
        ""imports"": [
            ""import typing as t # pragma: no cover"",
            ""from flask import Flask # pragma: no cover""
        ],
        ""initialization"": [
            ""create_app = lambda script_info: Flask(__name__) # pragma: no cover"",
            ""set_debug_flag = False # pragma: no cover""
        ]
    },
    {
        ""imports"": [
            ""from typing import Any, Dict # pragma: no cover"",
            ""from flask import Flask # pragma: no cover""
        ],
        ""initialization"": [
            ""create_app = lambda script_info: Flask(__name__) # pragma: no cover"",
            ""set_debug_flag = True # pragma: no cover"",
            ""t = type('Mock', (object,), {'Dict': Dict, 'Any': Any}) # pragma: no cover""
        ]
    },
    {
        ""imports"": [
            ""from flask import Flask # pragma: no cover"",
            ""import typing as t # pragma: no cover""
        ],
        ""initialization"": [
            ""create_app = lambda info: Flask(__name__) # pragma: no cover"",
            ""t = type('Mock', (object,), {'Dict': dict, 'Any': object})() # pragma: no cover"",
            ""set_debug_flag = True # pragma: no cover""
        ]
    },
    {
        ""imports"": [
            ""from typing import Any, Dict # pragma: no cover"",
            ""from flask import Flask # pragma: no cover""
        ],
        ""initialization"": [
            ""create_app = lambda info: Flask(__name__) # pragma: no cover"",
            ""t = type('Mock', (object,), {'Dict': Dict, 'Any': Any})() # pragma: no cover"",
            ""set_debug_flag = False # pragma: no cover"",
            ""self.create_app = create_app # pragma: no cover"",
            ""self.data: t.Dict[t.Any, t.Any] = {} # pragma: no cover"",
            ""self.set_debug_flag = set_debug_flag # pragma: no cover""
        ]
    }
]",2,4249,0.0021245,1422,0.002133,0.0042575
"When trying to execute the code snippet with the provided imports and initialization, the following error happens:
# begin error message
Execution error at line 10:
    self.app_import_path = app_import_path
NameError: name 'app_import_path' is not defined
# end error message

Please, provide self-contained and concrete Python fixed values of the imports and initialization to solve the error and make the code snippet executable.
Respond strictly with JSON. The JSON should be compatible with the TypeScript type `Response` from the following:

```ts
interface Response {
// Python import statements needed in the initialization code. One string per import.
imports: string[];
// Python code to initialize the undefined variables and make the code snippet executable. One string per undefined variable. The statements in the code snippet above are not part of the initialization of undefined variables. Therefore, their copy or modified versions should not be added here. The values should be self-contained and concrete, i.e. without assumptions or expected replacements of any code that is not present in the code snippet. In case there are undefined attributes or methods and the attribute or method base is not initialized, initialize the attribute or method base using type(""Mock"", bases, dict), where bases is a tuple containing the base classes that the Mock object inherits from, e.g. object, and dict is a dictionary containing the initialization of the undefined attributes and methods in the code snippet.
initialization: string[];
}
```","[
    {
        ""imports"": [
            ""from flask import Flask"",
            ""import typing as t""
        ],
        ""initialization"": [
            ""self = type('Mock', (object,), {'app_import_path': '', 'create_app': lambda script_info: Flask(__name__), 'data': {}, 'set_debug_flag': True, '_loaded_app': None})()"",
            ""app_import_path = 'my_flask_app'"",
            ""create_app = lambda script_info: Flask(__name__)"",
            ""t = __import__('typing')"",
            ""set_debug_flag = True""
        ]
    },
    {
        ""imports"": [
            ""import typing as t"",
            ""from flask import Flask""
        ],
        ""initialization"": [
            ""self = type('Mock', (object,), {'app_import_path': None, 'create_app': None, 'data': {}, 'set_debug_flag': None, '_loaded_app': None})()"",
            ""app_import_path = 'my_flask_app'"",
            ""create_app = lambda script_info: Flask(__name__)"",
            ""t = type('Mock', (object,), {'Dict': dict, 'Any': object})"",
            ""set_debug_flag = False"",
            ""self.app_import_path = app_import_path""
        ]
    },
    {
        ""imports"": [
            ""from flask import Flask"",
            ""import typing as t""
        ],
        ""initialization"": [
            ""self = type('Mock', (object,), {})()"",
            ""app_import_path = 'my_flask_app'"",
            ""create_app = lambda script_info: Flask(__name__)"",
            ""self.app_import_path = app_import_path"",
            ""self.create_app = create_app"",
            ""self.data = {}"",
            ""self.set_debug_flag = False"",
            ""self._loaded_app = None""
        ]
    },
    {
        ""imports"": [
            ""from flask import Flask"",
            ""import typing as t""
        ],
        ""initialization"": [
            ""self = type('Mock', (object,), {'app_import_path': None, 'create_app': None, 'data': {}, 'set_debug_flag': None, '_loaded_app': None})()"",
            ""app_import_path = 'dummy_path'"",
            ""create_app = lambda script_info: Flask(__name__)"",
            ""self.set_debug_flag = False"",
            ""self.data = {}"",
            ""self._loaded_app = None""
        ]
    },
    {
        ""imports"": [
            ""from flask import Flask"",
            ""import typing as t""
        ],
        ""initialization"": [
            ""app_import_path = 'my_flask_app'"",
            ""create_app = lambda script_info: Flask(__name__)"",
            ""t = __import__('typing')"",
            ""set_debug_flag = True"",
            ""self = type('Mock', (object,), {'app_import_path': app_import_path, 'create_app': create_app, 'data': {}, 'set_debug_flag': set_debug_flag, '_loaded_app': None})()""
        ]
    },
    {
        ""imports"": [
            ""from flask import Flask"",
            ""import typing as t""
        ],
        ""initialization"": [
            ""self = type('Mock', (object,), {"",
            ""    'app_import_path': None,"",
            ""    'create_app': None,"",
            ""    'data': {},"",
            ""    'set_debug_flag': None,"",
            ""    '_loaded_app': None"",
            ""})()"",
            ""app_import_path = 'my_flask_app'"",
            ""create_app = lambda script_info: Flask(__name__)"",
            ""t = __import__('typing')"",
            ""set_debug_flag = False""
        ]
    },
    {
        ""imports"": [
            ""from typing import Any, Dict"",
            ""from flask import Flask""
        ],
        ""initialization"": [
            ""self = type('Mock', (object,), {'app_import_path': None, 'create_app': None, 'data': {}, 'set_debug_flag': None, '_loaded_app': None})()"",
            ""app_import_path = 'my_flask_app'"",
            ""create_app = lambda script_info: Flask(__name__)"",
            ""self.app_import_path = app_import_path"",
            ""t = type('Mock', (object,), {'Dict': Dict, 'Any': Any})"",
            ""set_debug_flag = False"",
            ""Flask = Flask""
        ]
    },
    {
        ""imports"": [
            ""from typing import Any, Dict"",
            ""from flask import Flask""
        ],
        ""initialization"": [
            ""self = type('Mock', (object,), {'app_import_path': None, 'create_app': None, 'data': {}, 'set_debug_flag': None, '_loaded_app': None})()"",
            ""app_import_path = 'my_flask_app'"",
            ""create_app = lambda script_info: Flask(__name__)"",
            ""t = type('Mock', (object,), {'Dict': Dict, 'Any': Any})"",
            ""set_debug_flag = True""
        ]
    },
    {
        ""imports"": [
            ""from flask import Flask"",
            ""import typing as t""
        ],
        ""initialization"": [
            ""app_import_path = 'my_flask_app'"",
            ""create_app = lambda script_info: Flask(__name__)"",
            ""t = type('Mock', (object,), {'Dict': dict, 'Any': object})"",
            ""set_debug_flag = False"",
            ""self = type('Mock', (object,), {'app_import_path': app_import_path, 'create_app': create_app, 'data': {}, 'set_debug_flag': set_debug_flag, '_loaded_app': None})()""
        ]
    },
    {
        ""imports"": [
            ""from flask import Flask"",
            ""import typing as t""
        ],
        ""initialization"": [
            ""app_import_path = 'my_flask_app'"",
            ""create_app = lambda script_info: Flask(__name__)"",
            ""t = type('Mock', (object,), {'Dict': dict, 'Any': object})"",
            ""set_debug_flag = True"",
            ""Flask = __import__('flask').Flask"",
            ""self = type('Mock', (object,), {'app_import_path': app_import_path, 'create_app': create_app, 'data': {}, 'set_debug_flag': set_debug_flag, '_loaded_app': None})()""
        ]
    }
]","[
    {
        ""imports"": [
            ""from flask import Flask # pragma: no cover"",
            ""import typing as t # pragma: no cover""
        ],
        ""initialization"": [
            ""create_app = lambda script_info: Flask(__name__) # pragma: no cover"",
            ""set_debug_flag = True # pragma: no cover""
        ]
    },
    {
        ""imports"": [
            ""import typing as t # pragma: no cover"",
            ""from flask import Flask # pragma: no cover""
        ],
        ""initialization"": [
            ""create_app = lambda script_info: Flask(__name__) # pragma: no cover"",
            ""t = type('Mock', (object,), {'Dict': dict, 'Any': object}) # pragma: no cover"",
            ""set_debug_flag = False # pragma: no cover""
        ]
    },
    {
        ""imports"": [
            ""from flask import Flask # pragma: no cover"",
            ""import typing as t # pragma: no cover""
        ],
        ""initialization"": [
            ""self = type('Mock', (object,), {})() # pragma: no cover"",
            ""create_app = lambda script_info: Flask(__name__) # pragma: no cover"",
            ""self.create_app = create_app # pragma: no cover"",
            ""self.data = {} # pragma: no cover"",
            ""self.set_debug_flag = False # pragma: no cover"",
            ""self._loaded_app = None # pragma: no cover""
        ]
    },
    {
        ""imports"": [
            ""from flask import Flask # pragma: no cover"",
            ""import typing as t # pragma: no cover""
        ],
        ""initialization"": [
            ""create_app = lambda script_info: Flask(__name__) # pragma: no cover"",
            ""self.set_debug_flag = False # pragma: no cover"",
            ""self.data = {} # pragma: no cover"",
            ""self._loaded_app = None # pragma: no cover""
        ]
    },
    {
        ""imports"": [
            ""from flask import Flask # pragma: no cover"",
            ""import typing as t # pragma: no cover""
        ],
        ""initialization"": [
            ""create_app = lambda script_info: Flask(__name__) # pragma: no cover"",
            ""set_debug_flag = True # pragma: no cover""
        ]
    },
    {
        ""imports"": [
            ""from flask import Flask # pragma: no cover"",
            ""import typing as t # pragma: no cover""
        ],
        ""initialization"": [
            ""self = type('Mock', (object,), { # pragma: no cover"",
            ""    'create_app': None, # pragma: no cover"",
            ""    'data': {}, # pragma: no cover"",
            ""    'set_debug_flag': None, # pragma: no cover"",
            ""    '_loaded_app': None # pragma: no cover"",
            ""})() # pragma: no cover"",
            ""create_app = lambda script_info: Flask(__name__) # pragma: no cover"",
            ""set_debug_flag = False # pragma: no cover""
        ]
    },
    {
        ""imports"": [
            ""from typing import Any, Dict # pragma: no cover"",
            ""from flask import Flask # pragma: no cover""
        ],
        ""initialization"": [
            ""create_app = lambda script_info: Flask(__name__) # pragma: no cover"",
            ""t = type('Mock', (object,), {'Dict': Dict, 'Any': Any}) # pragma: no cover"",
            ""set_debug_flag = False # pragma: no cover"",
            ""Flask = Flask # pragma: no cover""
        ]
    },
    {
        ""imports"": [
            ""from typing import Any, Dict # pragma: no cover"",
            ""from flask import Flask # pragma: no cover""
        ],
        ""initialization"": [
            ""create_app = lambda script_info: Flask(__name__) # pragma: no cover"",
            ""t = type('Mock', (object,), {'Dict': Dict, 'Any': Any}) # pragma: no cover"",
            ""set_debug_flag = True # pragma: no cover""
        ]
    },
    {
        ""imports"": [
            ""from flask import Flask # pragma: no cover"",
            ""import typing as t # pragma: no cover""
        ],
        ""initialization"": [
            ""create_app = lambda script_info: Flask(__name__) # pragma: no cover"",
            ""t = type('Mock', (object,), {'Dict': dict, 'Any': object}) # pragma: no cover"",
            ""set_debug_flag = False # pragma: no cover""
        ]
    },
    {
        ""imports"": [
            ""from flask import Flask # pragma: no cover"",
            ""import typing as t # pragma: no cover""
        ],
        ""initialization"": [
            ""create_app = lambda script_info: Flask(__name__) # pragma: no cover"",
            ""t = type('Mock', (object,), {'Dict': dict, 'Any': object}) # pragma: no cover"",
            ""set_debug_flag = True # pragma: no cover""
        ]
    }
]",2,4600,0.0023,1394,0.002091,0.004391
"When trying to execute the code snippet with the provided imports and initialization, the following error happens:
# begin error message
Execution error at line 11:
    self.app_import_path = app_import_path
NameError: name 'app_import_path' is not defined
# end error message

Please, provide self-contained and concrete Python fixed values of the imports and initialization to solve the error and make the code snippet executable.
Respond strictly with JSON. The JSON should be compatible with the TypeScript type `Response` from the following:

```ts
interface Response {
// Python import statements needed in the initialization code. One string per import.
imports: string[];
// Python code to initialize the undefined variables and make the code snippet executable. One string per undefined variable. The statements in the code snippet above are not part of the initialization of undefined variables. Therefore, their copy or modified versions should not be added here. The values should be self-contained and concrete, i.e. without assumptions or expected replacements of any code that is not present in the code snippet. In case there are undefined attributes or methods and the attribute or method base is not initialized, initialize the attribute or method base using type(""Mock"", bases, dict), where bases is a tuple containing the base classes that the Mock object inherits from, e.g. object, and dict is a dictionary containing the initialization of the undefined attributes and methods in the code snippet.
initialization: string[];
}
```","[
    {
        ""imports"": [
            ""from flask import Flask"",
            ""import typing as t""
        ],
        ""initialization"": [
            ""self = type('Mock', (object,), {'app_import_path': None, 'create_app': None, 'data': {}, 'set_debug_flag': None, '_loaded_app': None})()"",
            ""app_import_path = 'my_flask_app'"",
            ""create_app = lambda script_info: Flask(__name__)"",
            ""t = type('Mock', (object,), {'Dict': dict, 'Any': object})"",
            ""set_debug_flag = True"",
            ""self.app_import_path = app_import_path""
        ]
    },
    {
        ""imports"": [
            ""from typing import Any, Dict"",
            ""from flask import Flask""
        ],
        ""initialization"": [
            ""self = type('Mock', (object,), {'app_import_path': None, 'create_app': None, 'data': {}, 'set_debug_flag': None, '_loaded_app': None})()"",
            ""app_import_path = 'dummy_path'"",
            ""create_app = lambda script_info: Flask(__name__)"",
            ""t = type('Mock', (object,), {'Dict': Dict, 'Any': Any})()"",
            ""set_debug_flag = True"",
            ""Flask = Flask""
        ]
    },
    {
        ""imports"": [
            ""from typing import Any, Dict"",
            ""from flask import Flask""
        ],
        ""initialization"": [
            ""self = type('Mock', (object,), {'app_import_path': '', 'create_app': None, 'data': {}, 'set_debug_flag': False, '_loaded_app': None})()"",
            ""app_import_path = 'my_flask_app'"",
            ""create_app = lambda x: Flask(__name__)"",
            ""t = type('Mock', (object,), {'Dict': Dict, 'Any': Any})"",
            ""set_debug_flag = False"",
            ""Flask = Flask""
        ]
    },
    {
        ""imports"": [
            ""from flask import Flask"",
            ""import typing as t""
        ],
        ""initialization"": [
            ""self = type('Mock', (object,), {'app_import_path': None, 'create_app': None, 'data': {}, 'set_debug_flag': None, '_loaded_app': None})()"",
            ""app_import_path = '/path/to/app'"",
            ""create_app = lambda script_info: Flask(__name__)"",
            ""t = type('Mock', (object,), {'Dict': dict, 'Any': object})()"",
            ""set_debug_flag = lambda: None""
        ]
    },
    {
        ""imports"": [
            ""import typing as t"",
            ""from flask import Flask""
        ],
        ""initialization"": [
            ""self = type('Mock', (object,), {'set_debug_flag': None, 'create_app': None, 'app_import_path': None, '_loaded_app': None, 'data': {}})()"",
            ""app_import_path = 'some_import_path'"",
            ""create_app = lambda script_info: Flask(__name__)"",
            ""t = type('Mock', (object,), {'Dict': dict, 'Any': object})"",
            ""set_debug_flag = False"",
            ""Flask = Flask""
        ]
    },
    {
        ""imports"": [
            ""from flask import Flask"",
            ""import typing as t""
        ],
        ""initialization"": [
            ""self = type('Mock', (object,), {'app_import_path': None, 'create_app': None, 'data': {}, 'set_debug_flag': None, '_loaded_app': None})()"",
            ""app_import_path = 'my_flask_app'"",
            ""create_app = lambda script_info: Flask(__name__)"",
            ""t = type('MockTyping', (object,), {'Dict': dict, 'Any': object})()"",
            ""set_debug_flag = False""
        ]
    },
    {
        ""imports"": [
            ""from typing import Any, Dict"",
            ""from flask import Flask""
        ],
        ""initialization"": [
            ""self = type('Mock', (object,), {'app_import_path': None, 'create_app': None, 'data': {}, 'set_debug_flag': None, '_loaded_app': None})()"",
            ""app_import_path = 'my_flask_app'"",
            ""create_app = lambda script_info: Flask(__name__)"",
            ""self.app_import_path = app_import_path"",
            ""self.create_app = create_app"",
            ""self.data: Dict[Any, Any] = {}"",
            ""self.set_debug_flag = False"",
            ""self._loaded_app: Flask | None = None""
        ]
    },
    {
        ""imports"": [
            ""import typing as t"",
            ""from flask import Flask""
        ],
        ""initialization"": [
            ""self = type('Mock', (object,), {'set_debug_flag': None, 'create_app': None, 'app_import_path': None, '_loaded_app': None, 'data': {}})()"",
            ""app_import_path = 'example.app'"",
            ""create_app = lambda script_info: Flask(__name__)"",
            ""t = type('Mock', (object,), {'Dict': dict, 'Any': object})()"",
            ""set_debug_flag = True"",
            ""Flask = Flask""
        ]
    },
    {
        ""imports"": [
            ""from flask import Flask"",
            ""import typing as t""
        ],
        ""initialization"": [
            ""self = type('Mock', (object,), {})()"",
            ""app_import_path = ''"",
            ""create_app = None"",
            ""t = type('Mock', (object,), {'Dict': dict, 'Any': object})()"",
            ""set_debug_flag = False"",
            ""Flask = Flask""
        ]
    },
    {
        ""imports"": [
            ""from typing import Any, Dict"",
            ""from flask import Flask""
        ],
        ""initialization"": [
            ""self = type('Mock', (object,), {'app_import_path': None, 'create_app': None, 'data': {}, 'set_debug_flag': None, '_loaded_app': None})()"",
            ""app_import_path = 'dummy_path'"",
            ""create_app = lambda script_info: Flask(__name__)"",
            ""t = type('Mock', (object,), {'Dict': Dict, 'Any': Any})()"",
            ""set_debug_flag = True"",
            ""Flask = Flask""
        ]
    }
]","[
    {
        ""imports"": [
            ""from flask import Flask # pragma: no cover"",
            ""import typing as t # pragma: no cover""
        ],
        ""initialization"": [
            ""create_app = lambda script_info: Flask(__name__) # pragma: no cover"",
            ""t = type('Mock', (object,), {'Dict': dict, 'Any': object}) # pragma: no cover"",
            ""set_debug_flag = True # pragma: no cover""
        ]
    },
    {
        ""imports"": [
            ""from typing import Any, Dict # pragma: no cover"",
            ""from flask import Flask # pragma: no cover""
        ],
        ""initialization"": [
            ""create_app = lambda script_info: Flask(__name__) # pragma: no cover"",
            ""t = type('Mock', (object,), {'Dict': Dict, 'Any': Any})() # pragma: no cover"",
            ""set_debug_flag = True # pragma: no cover"",
            ""Flask = Flask # pragma: no cover""
        ]
    },
    {
        ""imports"": [
            ""from typing import Any, Dict # pragma: no cover"",
            ""from flask import Flask # pragma: no cover""
        ],
        ""initialization"": [
            ""create_app = lambda x: Flask(__name__) # pragma: no cover"",
            ""t = type('Mock', (object,), {'Dict': Dict, 'Any': Any}) # pragma: no cover"",
            ""set_debug_flag = False # pragma: no cover"",
            ""Flask = Flask # pragma: no cover""
        ]
    },
    {
        ""imports"": [
            ""from flask import Flask # pragma: no cover"",
            ""import typing as t # pragma: no cover""
        ],
        ""initialization"": [
            ""create_app = lambda script_info: Flask(__name__) # pragma: no cover"",
            ""t = type('Mock', (object,), {'Dict': dict, 'Any': object})() # pragma: no cover"",
            ""set_debug_flag = lambda: None # pragma: no cover""
        ]
    },
    {
        ""imports"": [
            ""import typing as t # pragma: no cover"",
            ""from flask import Flask # pragma: no cover""
        ],
        ""initialization"": [
            ""create_app = lambda script_info: Flask(__name__) # pragma: no cover"",
            ""t = type('Mock', (object,), {'Dict': dict, 'Any': object}) # pragma: no cover"",
            ""set_debug_flag = False # pragma: no cover"",
            ""Flask = Flask # pragma: no cover""
        ]
    },
    {
        ""imports"": [
            ""from flask import Flask # pragma: no cover"",
            ""import typing as t # pragma: no cover""
        ],
        ""initialization"": [
            ""create_app = lambda script_info: Flask(__name__) # pragma: no cover"",
            ""t = type('MockTyping', (object,), {'Dict': dict, 'Any': object})() # pragma: no cover"",
            ""set_debug_flag = False # pragma: no cover""
        ]
    },
    {
        ""imports"": [
            ""from typing import Any, Dict # pragma: no cover"",
            ""from flask import Flask # pragma: no cover""
        ],
        ""initialization"": [
            ""create_app = lambda script_info: Flask(__name__) # pragma: no cover"",
            ""self.create_app = create_app # pragma: no cover"",
            ""self.data: Dict[Any, Any] = {} # pragma: no cover"",
            ""self.set_debug_flag = False # pragma: no cover""
        ]
    },
    {
        ""imports"": [
            ""import typing as t # pragma: no cover"",
            ""from flask import Flask # pragma: no cover""
        ],
        ""initialization"": [
            ""create_app = lambda script_info: Flask(__name__) # pragma: no cover"",
            ""t = type('Mock', (object,), {'Dict': dict, 'Any': object})() # pragma: no cover"",
            ""set_debug_flag = True # pragma: no cover"",
            ""Flask = Flask # pragma: no cover""
        ]
    },
    {
        ""imports"": [
            ""from flask import Flask # pragma: no cover"",
            ""import typing as t # pragma: no cover""
        ],
        ""initialization"": [
            ""self = type('Mock', (object,), {})() # pragma: no cover"",
            ""create_app = None # pragma: no cover"",
            ""t = type('Mock', (object,), {'Dict': dict, 'Any': object})() # pragma: no cover"",
            ""set_debug_flag = False # pragma: no cover"",
            ""Flask = Flask # pragma: no cover""
        ]
    },
    {
        ""imports"": [
            ""from typing import Any, Dict # pragma: no cover"",
            ""from flask import Flask # pragma: no cover""
        ],
        ""initialization"": [
            ""create_app = lambda script_info: Flask(__name__) # pragma: no cover"",
            ""t = type('Mock', (object,), {'Dict': Dict, 'Any': Any})() # pragma: no cover"",
            ""set_debug_flag = True # pragma: no cover"",
            ""Flask = Flask # pragma: no cover""
        ]
    }
]",2,4668,0.002334,1399,0.0020985,0.0044325
"When trying to execute the code snippet with the provided imports and initialization, the lines with # uncovered are not executed.

# begin code snippet
#: Optionally the import path for the Flask application.
self.app_import_path = app_import_path # uncovered
#: Optionally a function that is passed the script info to create
#: the instance of the application.
self.create_app = create_app # uncovered
#: A dictionary with arbitrary data that can be associated with
#: this script info.
self.data: t.Dict[t.Any, t.Any] = {} # uncovered
self.set_debug_flag = set_debug_flag # uncovered
self._loaded_app: Flask | None = None # uncovered

# end code snippet

Please, provide self-contained and concrete Python modified values of the imports and initialization to execute one of the uncovered paths in the code snippet.
Respond strictly with JSON. The JSON should be compatible with the TypeScript type `Response` from the following:

```ts
interface Response {
// Python import statements needed in the initialization code. One string per import.
imports: string[];
// Python code to initialize the undefined variables and make the code snippet executable. One string per undefined variable. The statements in the code snippet above are not part of the initialization of undefined variables. Therefore, their copy or modified versions should not be added here. The values should be self-contained and concrete, i.e. without assumptions or expected replacements of any code that is not present in the code snippet. In case there are undefined attributes or methods and the attribute or method base is not initialized, initialize the attribute or method base using type(""Mock"", bases, dict), where bases is a tuple containing the base classes that the Mock object inherits from, e.g. object, and dict is a dictionary containing the initialization of the undefined attributes and methods in the code snippet.
initialization: string[];
}
```","[
    {
        ""imports"": [
            ""from typing import Any, Dict, Optional"",
            ""from flask import Flask""
        ],
        ""initialization"": [
            ""app_import_path = 'my_app'"",
            ""def create_app(script_info): return Flask(__name__)"",
            ""set_debug_flag = True""
        ]
    },
    {
        ""imports"": [
            ""from flask import Flask"",
            ""import typing as t""
        ],
        ""initialization"": [
            ""app_import_path = 'my_flask_app'"",
            ""def create_app(script_info):"",
            ""    app = Flask(__name__)"",
            ""    return app"",
            ""set_debug_flag = True""
        ]
    },
    {
        ""imports"": [
            ""from flask import Flask"",
            ""from typing import Any, Dict, Callable, Optional, Union""
        ],
        ""initialization"": [
            ""app_import_path: Optional[str] = 'my_flask_app'"",
            ""create_app: Optional[Callable[..., Flask]] = lambda: Flask(__name__)"",
            ""set_debug_flag: bool = True"",
            ""self.app_import_path = app_import_path"",
            ""self.create_app = create_app"",
            ""self.data: Dict[Any, Any] = {}"",
            ""self.set_debug_flag = set_debug_flag"",
            ""self._loaded_app: Union[Flask, None] = None""
        ]
    },
    {
        ""imports"": [
            ""from flask import Flask"",
            ""import typing as t""
        ],
        ""initialization"": [
            ""app_import_path = 'some.path.to.flask_app'"",
            ""def create_app(script_info): return Flask(__name__)"",
            ""set_debug_flag = False""
        ]
    },
    {
        ""imports"": [
            ""import typing as t"",
            ""from flask import Flask""
        ],
        ""initialization"": [
            ""app_import_path = 'your_app.your_module'"",
            ""def create_app(script_info): return Flask(__name__)"",
            ""set_debug_flag = True""
        ]
    },
    {
        ""imports"": [
            ""from flask import Flask"",
            ""import typing as t""
        ],
        ""initialization"": [
            ""app_import_path = 'my_flask_app'"",
            ""create_app = lambda x: Flask(__name__)"",
            ""set_debug_flag = True""
        ]
    },
    {
        ""imports"": [
            ""from typing import Any, Dict"",
            ""from flask import Flask""
        ],
        ""initialization"": [
            ""app_import_path = 'my_flask_app'"",
            ""create_app = lambda script_info: Flask(__name__)"",
            ""set_debug_flag = True""
        ]
    },
    {
        ""imports"": [
            ""from flask import Flask"",
            ""import typing as t""
        ],
        ""initialization"": [
            ""app_import_path = 'my_flask_app'"",
            ""def create_app(script_info): return Flask(__name__)"",
            ""class MockFlag: pass"",
            ""set_debug_flag = MockFlag()""
        ]
    },
    {
        ""imports"": [
            ""from flask import Flask"",
            ""import typing as t""
        ],
        ""initialization"": [
            ""app_import_path = 'my_flask_app'"",
            ""def create_app(script_info): return Flask(__name__)"",
            ""set_debug_flag = True""
        ]
    },
    {
        ""imports"": [
            ""from flask import Flask"",
            ""import typing as t""
        ],
        ""initialization"": [
            ""app_import_path = 'my_flask_app'"",
            ""def create_app(script_info):\n    app = Flask(__name__)\n    return app"",
            ""set_debug_flag = lambda: None""
        ]
    }
]","[
    {
        ""imports"": [
            ""from typing import Any, Dict, Optional # pragma: no cover"",
            ""from flask import Flask # pragma: no cover""
        ],
        ""initialization"": [
            ""def create_app(script_info): return Flask(__name__) # pragma: no cover"",
            ""set_debug_flag = True # pragma: no cover""
        ]
    },
    {
        ""imports"": [
            ""from flask import Flask # pragma: no cover"",
            ""import typing as t # pragma: no cover""
        ],
        ""initialization"": [
            ""def create_app(script_info): # pragma: no cover"",
            ""    app = Flask(__name__) # pragma: no cover"",
            ""    return app # pragma: no cover"",
            ""set_debug_flag = True # pragma: no cover""
        ]
    },
    {
        ""imports"": [
            ""from flask import Flask # pragma: no cover"",
            ""from typing import Any, Dict, Callable, Optional, Union # pragma: no cover""
        ],
        ""initialization"": [
            ""create_app: Optional[Callable[..., Flask]] = lambda: Flask(__name__) # pragma: no cover"",
            ""set_debug_flag: bool = True # pragma: no cover""
        ]
    },
    {
        ""imports"": [
            ""from flask import Flask # pragma: no cover"",
            ""import typing as t # pragma: no cover""
        ],
        ""initialization"": [
            ""def create_app(script_info): return Flask(__name__) # pragma: no cover"",
            ""set_debug_flag = False # pragma: no cover""
        ]
    },
    {
        ""imports"": [
            ""import typing as t # pragma: no cover"",
            ""from flask import Flask # pragma: no cover""
        ],
        ""initialization"": [
            ""def create_app(script_info): return Flask(__name__) # pragma: no cover"",
            ""set_debug_flag = True # pragma: no cover""
        ]
    },
    {
        ""imports"": [
            ""from flask import Flask # pragma: no cover"",
            ""import typing as t # pragma: no cover""
        ],
        ""initialization"": [
            ""create_app = lambda x: Flask(__name__) # pragma: no cover"",
            ""set_debug_flag = True # pragma: no cover""
        ]
    },
    {
        ""imports"": [
            ""from typing import Any, Dict # pragma: no cover"",
            ""from flask import Flask # pragma: no cover""
        ],
        ""initialization"": [
            ""create_app = lambda script_info: Flask(__name__) # pragma: no cover"",
            ""set_debug_flag = True # pragma: no cover""
        ]
    },
    {
        ""imports"": [
            ""from flask import Flask # pragma: no cover"",
            ""import typing as t # pragma: no cover""
        ],
        ""initialization"": [
            ""def create_app(script_info): return Flask(__name__) # pragma: no cover"",
            ""class MockFlag: pass # pragma: no cover"",
            ""set_debug_flag = MockFlag() # pragma: no cover""
        ]
    },
    {
        ""imports"": [
            ""from flask import Flask # pragma: no cover"",
            ""import typing as t # pragma: no cover""
        ],
        ""initialization"": [
            ""def create_app(script_info): return Flask(__name__) # pragma: no cover"",
            ""set_debug_flag = True # pragma: no cover""
        ]
    },
    {
        ""imports"": [
            ""from flask import Flask # pragma: no cover"",
            ""import typing as t # pragma: no cover""
        ],
        ""initialization"": [
            ""def create_app(script_info):# pragma: no cover"",
            ""    app = Flask(__name__)# pragma: no cover"",
            ""    return app # pragma: no cover"",
            ""set_debug_flag = lambda: None # pragma: no cover""
        ]
    }
]",3,403,0.0002015,818,0.001227,0.0014285
"When trying to execute the code snippet with the provided imports and initialization, the lines with # uncovered are not executed.

# begin code snippet
#: Optionally the import path for the Flask application.
self.app_import_path = app_import_path # uncovered
#: Optionally a function that is passed the script info to create
#: the instance of the application.
self.create_app = create_app # uncovered
#: A dictionary with arbitrary data that can be associated with
#: this script info.
self.data: t.Dict[t.Any, t.Any] = {} # uncovered
self.set_debug_flag = set_debug_flag # uncovered
self._loaded_app: Flask | None = None # uncovered

# end code snippet

Please, provide self-contained and concrete Python modified values of the imports and initialization to execute one of the uncovered paths in the code snippet.
Respond strictly with JSON. The JSON should be compatible with the TypeScript type `Response` from the following:

```ts
interface Response {
// Python import statements needed in the initialization code. One string per import.
imports: string[];
// Python code to initialize the undefined variables and make the code snippet executable. One string per undefined variable. The statements in the code snippet above are not part of the initialization of undefined variables. Therefore, their copy or modified versions should not be added here. The values should be self-contained and concrete, i.e. without assumptions or expected replacements of any code that is not present in the code snippet. In case there are undefined attributes or methods and the attribute or method base is not initialized, initialize the attribute or method base using type(""Mock"", bases, dict), where bases is a tuple containing the base classes that the Mock object inherits from, e.g. object, and dict is a dictionary containing the initialization of the undefined attributes and methods in the code snippet.
initialization: string[];
}
```","[
    {
        ""imports"": [
            ""from typing import Any, Dict, Callable, Optional"",
            ""from flask import Flask""
        ],
        ""initialization"": [
            ""app_import_path = 'my_flask_app'"",
            ""create_app = lambda info: Flask(info)"",
            ""set_debug_flag = True""
        ]
    },
    {
        ""imports"": [
            ""from flask import Flask"",
            ""import typing as t""
        ],
        ""initialization"": [
            ""app_import_path = 'my_flask_app'"",
            ""def create_app(script_info): return Flask(__name__)"",
            ""set_debug_flag = True""
        ]
    },
    {
        ""imports"": [
            ""from flask import Flask"",
            ""import typing as t""
        ],
        ""initialization"": [
            ""app_import_path = 'my_flask_app'"",
            ""create_app = lambda script_info: Flask(__name__)"",
            ""set_debug_flag = True""
        ]
    },
    {
        ""imports"": [
            ""from typing import Any, Dict"",
            ""from flask import Flask""
        ],
        ""initialization"": [
            ""app_import_path = 'my_flask_app'"",
            ""def create_app(script_info: Any) -> Flask:\n    app = Flask(__name__)\n    return app"",
            ""set_debug_flag = True""
        ]
    },
    {
        ""imports"": [
            ""from flask import Flask"",
            ""import typing as t""
        ],
        ""initialization"": [
            ""app_import_path = 'example_app'"",
            ""def create_app():"",
            ""    return Flask(__name__)"",
            ""set_debug_flag = True"",
            ""Mock = type('Mock', (object,), {})""
        ]
    },
    {
        ""imports"": [
            ""from typing import Any, Dict, Callable, Optional"",
            ""from flask import Flask""
        ],
        ""initialization"": [
            ""app_import_path: Optional[str] = 'path.to.app'"",
            ""create_app: Optional[Callable[[Any], Flask]] = lambda info: Flask(__name__)"",
            ""set_debug_flag: bool = True""
        ]
    },
    {
        ""imports"": [
            ""from flask import Flask"",
            ""import typing as t""
        ],
        ""initialization"": [
            ""app_import_path = 'my_flask_app'"",
            ""def create_app(script_info): return Flask(__name__)"",
            ""t.Dict = dict"",
            ""t.Any = object"",
            ""set_debug_flag = True""
        ]
    },
    {
        ""imports"": [
            ""import typing as t"",
            ""from flask import Flask""
        ],
        ""initialization"": [
            ""app_import_path = 'my_app'"",
            ""def create_app(script_info):"",
            ""    app = Flask(__name__)"",
            ""    @app.route('/')"",
            ""    def hello():"",
            ""        return 'Hello, World!'"",
            ""    return app"",
            ""set_debug_flag = False""
        ]
    },
    {
        ""imports"": [
            ""from flask import Flask"",
            ""import typing as t""
        ],
        ""initialization"": [
            ""app_import_path = 'your_flask_app_path'"",
            ""def create_app(script_info): return Flask(__name__)"",
            ""set_debug_flag = True""
        ]
    },
    {
        ""imports"": [
            ""from flask import Flask"",
            ""import typing as t""
        ],
        ""initialization"": [
            ""app_import_path = 'example.app'"",
            ""def create_app(script_info=None): return Flask(__name__)"",
            ""set_debug_flag = True""
        ]
    }
]","[
    {
        ""imports"": [
            ""from typing import Any, Dict, Callable, Optional # pragma: no cover"",
            ""from flask import Flask # pragma: no cover""
        ],
        ""initialization"": [
            ""create_app = lambda info: Flask(info) # pragma: no cover"",
            ""set_debug_flag = True # pragma: no cover""
        ]
    },
    {
        ""imports"": [
            ""from flask import Flask # pragma: no cover"",
            ""import typing as t # pragma: no cover""
        ],
        ""initialization"": [
            ""def create_app(script_info): return Flask(__name__) # pragma: no cover"",
            ""set_debug_flag = True # pragma: no cover""
        ]
    },
    {
        ""imports"": [
            ""from flask import Flask # pragma: no cover"",
            ""import typing as t # pragma: no cover""
        ],
        ""initialization"": [
            ""create_app = lambda script_info: Flask(__name__) # pragma: no cover"",
            ""set_debug_flag = True # pragma: no cover""
        ]
    },
    {
        ""imports"": [
            ""from typing import Any, Dict # pragma: no cover"",
            ""from flask import Flask # pragma: no cover""
        ],
        ""initialization"": [
            ""def create_app(script_info: Any) -> Flask:# pragma: no cover"",
            ""    app = Flask(__name__)# pragma: no cover"",
            ""    return app # pragma: no cover"",
            ""set_debug_flag = True # pragma: no cover""
        ]
    },
    {
        ""imports"": [
            ""from flask import Flask # pragma: no cover"",
            ""import typing as t # pragma: no cover""
        ],
        ""initialization"": [
            ""def create_app(): # pragma: no cover"",
            ""    return Flask(__name__) # pragma: no cover"",
            ""set_debug_flag = True # pragma: no cover"",
            ""Mock = type('Mock', (object,), {}) # pragma: no cover""
        ]
    },
    {
        ""imports"": [
            ""from typing import Any, Dict, Callable, Optional # pragma: no cover"",
            ""from flask import Flask # pragma: no cover""
        ],
        ""initialization"": [
            ""create_app: Optional[Callable[[Any], Flask]] = lambda info: Flask(__name__) # pragma: no cover"",
            ""set_debug_flag: bool = True # pragma: no cover""
        ]
    },
    {
        ""imports"": [
            ""from flask import Flask # pragma: no cover"",
            ""import typing as t # pragma: no cover""
        ],
        ""initialization"": [
            ""def create_app(script_info): return Flask(__name__) # pragma: no cover"",
            ""t.Dict = dict # pragma: no cover"",
            ""t.Any = object # pragma: no cover"",
            ""set_debug_flag = True # pragma: no cover""
        ]
    },
    {
        ""imports"": [
            ""import typing as t # pragma: no cover"",
            ""from flask import Flask # pragma: no cover""
        ],
        ""initialization"": [
            ""def create_app(script_info): # pragma: no cover"",
            ""    app = Flask(__name__) # pragma: no cover"",
            ""    @app.route('/') # pragma: no cover"",
            ""    def hello(): # pragma: no cover"",
            ""        return 'Hello, World!' # pragma: no cover"",
            ""    return app # pragma: no cover"",
            ""set_debug_flag = False # pragma: no cover""
        ]
    },
    {
        ""imports"": [
            ""from flask import Flask # pragma: no cover"",
            ""import typing as t # pragma: no cover""
        ],
        ""initialization"": [
            ""def create_app(script_info): return Flask(__name__) # pragma: no cover"",
            ""set_debug_flag = True # pragma: no cover""
        ]
    },
    {
        ""imports"": [
            ""from flask import Flask # pragma: no cover"",
            ""import typing as t # pragma: no cover""
        ],
        ""initialization"": [
            ""def create_app(script_info=None): return Flask(__name__) # pragma: no cover"",
            ""set_debug_flag = True # pragma: no cover""
        ]
    }
]",3,403,0.0002015,798,0.001197,0.0013985
"When trying to execute the code snippet with the provided imports and initialization, the lines with # uncovered are not executed.

# begin code snippet
#: Optionally the import path for the Flask application.
self.app_import_path = app_import_path # uncovered
#: Optionally a function that is passed the script info to create
#: the instance of the application.
self.create_app = create_app # uncovered
#: A dictionary with arbitrary data that can be associated with
#: this script info.
self.data: t.Dict[t.Any, t.Any] = {} # uncovered
self.set_debug_flag = set_debug_flag # uncovered
self._loaded_app: Flask | None = None # uncovered

# end code snippet

Please, provide self-contained and concrete Python modified values of the imports and initialization to execute one of the uncovered paths in the code snippet.
Respond strictly with JSON. The JSON should be compatible with the TypeScript type `Response` from the following:

```ts
interface Response {
// Python import statements needed in the initialization code. One string per import.
imports: string[];
// Python code to initialize the undefined variables and make the code snippet executable. One string per undefined variable. The statements in the code snippet above are not part of the initialization of undefined variables. Therefore, their copy or modified versions should not be added here. The values should be self-contained and concrete, i.e. without assumptions or expected replacements of any code that is not present in the code snippet. In case there are undefined attributes or methods and the attribute or method base is not initialized, initialize the attribute or method base using type(""Mock"", bases, dict), where bases is a tuple containing the base classes that the Mock object inherits from, e.g. object, and dict is a dictionary containing the initialization of the undefined attributes and methods in the code snippet.
initialization: string[];
}
```","[
    {
        ""imports"": [
            ""from flask import Flask"",
            ""import typing as t""
        ],
        ""initialization"": [
            ""app_import_path = 'my_flask_app'"",
            ""def create_app(script_info): return Flask(__name__)"",
            ""set_debug_flag = True""
        ]
    },
    {
        ""imports"": [
            ""from typing import Any, Dict, Optional"",
            ""from flask import Flask""
        ],
        ""initialization"": [
            ""app_import_path: Optional[str] = 'my_app_path'"",
            ""def create_app(script_info): return Flask(__name__)"",
            ""set_debug_flag = True""
        ]
    },
    {
        ""imports"": [
            ""from flask import Flask"",
            ""import typing as t""
        ],
        ""initialization"": [
            ""app_import_path = 'my_flask_app'"",
            ""def create_app(script_info): return Flask(__name__)"",
            ""set_debug_flag = True"",
            ""self = type('MockSelf', (object,), {})()"",
            ""self.app_import_path = app_import_path"",
            ""self.create_app = create_app"",
            ""self.data = {}"",
            ""self.set_debug_flag = set_debug_flag"",
            ""self._loaded_app = None""
        ]
    },
    {
        ""imports"": [
            ""from flask import Flask"",
            ""import typing as t""
        ],
        ""initialization"": [
            ""app_import_path = 'my_flask_app'"",
            ""def create_app(script_info): return Flask(__name__)"",
            ""set_debug_flag = True""
        ]
    },
    {
        ""imports"": [
            ""from flask import Flask"",
            ""import typing as t""
        ],
        ""initialization"": [
            ""app_import_path = 'my_flask_app'"",
            ""def create_app(script_info): return Flask(__name__)"",
            ""set_debug_flag = True""
        ]
    },
    {
        ""imports"": [
            ""from typing import Any, Dict, Optional"",
            ""from flask import Flask""
        ],
        ""initialization"": [
            ""app_import_path: Optional[str] = 'my_flask_app'"",
            ""def create_app(script_info):"",
            ""    return Flask(__name__)"",
            ""set_debug_flag: bool = True""
        ]
    },
    {
        ""imports"": [
            ""from flask import Flask"",
            ""import typing as t""
        ],
        ""initialization"": [
            ""app_import_path = 'my_flask_app'"",
            ""def create_app(script_info): return Flask(__name__)"",
            ""set_debug_flag = True""
        ]
    },
    {
        ""imports"": [
            ""from flask import Flask"",
            ""import typing as t""
        ],
        ""initialization"": [
            ""app_import_path = 'example.app.path'"",
            ""def create_app(script_info): return Flask(__name__)"",
            ""set_debug_flag = True""
        ]
    },
    {
        ""imports"": [
            ""from flask import Flask"",
            ""import typing as t""
        ],
        ""initialization"": [
            ""app_import_path = 'my_flask_app'"",
            ""def create_app(script_info): return Flask(__name__)"",
            ""set_debug_flag = True""
        ]
    },
    {
        ""imports"": [
            ""from flask import Flask"",
            ""import typing as t""
        ],
        ""initialization"": [
            ""app_import_path = 'my_flask_app'"",
            ""def create_app(script_info): return Flask(__name__)"",
            ""set_debug_flag = True""
        ]
    }
]","[
    {
        ""imports"": [
            ""from flask import Flask # pragma: no cover"",
            ""import typing as t # pragma: no cover""
        ],
        ""initialization"": [
            ""def create_app(script_info): return Flask(__name__) # pragma: no cover"",
            ""set_debug_flag = True # pragma: no cover""
        ]
    },
    {
        ""imports"": [
            ""from typing import Any, Dict, Optional # pragma: no cover"",
            ""from flask import Flask # pragma: no cover""
        ],
        ""initialization"": [
            ""def create_app(script_info): return Flask(__name__) # pragma: no cover"",
            ""set_debug_flag = True # pragma: no cover""
        ]
    },
    {
        ""imports"": [
            ""from flask import Flask # pragma: no cover"",
            ""import typing as t # pragma: no cover""
        ],
        ""initialization"": [
            ""def create_app(script_info): return Flask(__name__) # pragma: no cover"",
            ""set_debug_flag = True # pragma: no cover"",
            ""self = type('MockSelf', (object,), {})() # pragma: no cover"",
            ""self.create_app = create_app # pragma: no cover"",
            ""self.data = {} # pragma: no cover"",
            ""self.set_debug_flag = set_debug_flag # pragma: no cover"",
            ""self._loaded_app = None # pragma: no cover""
        ]
    },
    {
        ""imports"": [
            ""from flask import Flask # pragma: no cover"",
            ""import typing as t # pragma: no cover""
        ],
        ""initialization"": [
            ""def create_app(script_info): return Flask(__name__) # pragma: no cover"",
            ""set_debug_flag = True # pragma: no cover""
        ]
    },
    {
        ""imports"": [
            ""from flask import Flask # pragma: no cover"",
            ""import typing as t # pragma: no cover""
        ],
        ""initialization"": [
            ""def create_app(script_info): return Flask(__name__) # pragma: no cover"",
            ""set_debug_flag = True # pragma: no cover""
        ]
    },
    {
        ""imports"": [
            ""from typing import Any, Dict, Optional # pragma: no cover"",
            ""from flask import Flask # pragma: no cover""
        ],
        ""initialization"": [
            ""def create_app(script_info): # pragma: no cover"",
            ""    return Flask(__name__) # pragma: no cover"",
            ""set_debug_flag: bool = True # pragma: no cover""
        ]
    },
    {
        ""imports"": [
            ""from flask import Flask # pragma: no cover"",
            ""import typing as t # pragma: no cover""
        ],
        ""initialization"": [
            ""def create_app(script_info): return Flask(__name__) # pragma: no cover"",
            ""set_debug_flag = True # pragma: no cover""
        ]
    },
    {
        ""imports"": [
            ""from flask import Flask # pragma: no cover"",
            ""import typing as t # pragma: no cover""
        ],
        ""initialization"": [
            ""def create_app(script_info): return Flask(__name__) # pragma: no cover"",
            ""set_debug_flag = True # pragma: no cover""
        ]
    },
    {
        ""imports"": [
            ""from flask import Flask # pragma: no cover"",
            ""import typing as t # pragma: no cover""
        ],
        ""initialization"": [
            ""def create_app(script_info): return Flask(__name__) # pragma: no cover"",
            ""set_debug_flag = True # pragma: no cover""
        ]
    },
    {
        ""imports"": [
            ""from flask import Flask # pragma: no cover"",
            ""import typing as t # pragma: no cover""
        ],
        ""initialization"": [
            ""def create_app(script_info): return Flask(__name__) # pragma: no cover"",
            ""set_debug_flag = True # pragma: no cover""
        ]
    }
]",3,1601,0.0008005,782,0.001173,0.0019735
"When trying to execute the code snippet with the provided imports and initialization, the lines with # uncovered are not executed.

# begin code snippet
#: Optionally the import path for the Flask application.
self.app_import_path = app_import_path # uncovered
#: Optionally a function that is passed the script info to create
#: the instance of the application.
self.create_app = create_app # uncovered
#: A dictionary with arbitrary data that can be associated with
#: this script info.
self.data: t.Dict[t.Any, t.Any] = {} # uncovered
self.set_debug_flag = set_debug_flag # uncovered
self._loaded_app: Flask | None = None # uncovered

# end code snippet

Please, provide self-contained and concrete Python modified values of the imports and initialization to execute one of the uncovered paths in the code snippet.
Respond strictly with JSON. The JSON should be compatible with the TypeScript type `Response` from the following:

```ts
interface Response {
// Python import statements needed in the initialization code. One string per import.
imports: string[];
// Python code to initialize the undefined variables and make the code snippet executable. One string per undefined variable. The statements in the code snippet above are not part of the initialization of undefined variables. Therefore, their copy or modified versions should not be added here. The values should be self-contained and concrete, i.e. without assumptions or expected replacements of any code that is not present in the code snippet. In case there are undefined attributes or methods and the attribute or method base is not initialized, initialize the attribute or method base using type(""Mock"", bases, dict), where bases is a tuple containing the base classes that the Mock object inherits from, e.g. object, and dict is a dictionary containing the initialization of the undefined attributes and methods in the code snippet.
initialization: string[];
}
```","[
    {
        ""imports"": [
            ""from flask import Flask"",
            ""import typing as t""
        ],
        ""initialization"": [
            ""app_import_path = 'example_app'"",
            ""def create_app(script_info: t.Any) -> Flask: return Flask(__name__)"",
            ""set_debug_flag = True""
        ]
    },
    {
        ""imports"": [
            ""from flask import Flask"",
            ""import typing as t""
        ],
        ""initialization"": [
            ""app_import_path = 'example.app'"",
            ""def create_app(script_info): return Flask(__name__)"",
            ""set_debug_flag = True""
        ]
    },
    {
        ""imports"": [
            ""from typing import Any, Dict, Callable, Optional"",
            ""from flask import Flask""
        ],
        ""initialization"": [
            ""app_import_path: Optional[str] = 'path.to.app'"",
            ""create_app: Callable[[Any], Flask] = lambda info: Flask(__name__)"",
            ""set_debug_flag: bool = True""
        ]
    },
    {
        ""imports"": [
            ""from typing import Any, Dict, Callable, Optional"",
            ""from flask import Flask""
        ],
        ""initialization"": [
            ""app_import_path = 'example.app'"",
            ""def create_app(script_info: Any) -> Flask:"",
            ""    app = Flask(__name__)"",
            ""    return app"",
            ""set_debug_flag = True""
        ]
    },
    {
        ""imports"": [
            ""from flask import Flask"",
            ""import typing as t""
        ],
        ""initialization"": [
            ""app_import_path = 'example_app_path'"",
            ""def create_app(script_info: t.Any) -> Flask: return Flask(__name__)"",
            ""set_debug_flag = True"",
            ""object_instance = type('ObjectInstance', (object,), {}).__new__(type('ObjectInstance', (object,), {}))""
        ]
    },
    {
        ""imports"": [
            ""from flask import Flask"",
            ""import typing as t""
        ],
        ""initialization"": [
            ""app_import_path = 'my_flask_app'"",
            ""def create_app(script_info): return Flask(__name__)"",
            ""set_debug_flag = True""
        ]
    },
    {
        ""imports"": [
            ""from typing import Any, Dict"",
            ""from flask import Flask""
        ],
        ""initialization"": [
            ""app_import_path = 'my_flask_app'"",
            ""def create_app(script_info: Any) -> Flask:\n    app = Flask(__name__)\n    return app"",
            ""set_debug_flag = True""
        ]
    },
    {
        ""imports"": [
            ""from flask import Flask"",
            ""import typing as t""
        ],
        ""initialization"": [
            ""app_import_path = 'example.app'"",
            ""def create_app(script_info=None): return Flask(__name__)"",
            ""set_debug_flag = True""
        ]
    },
    {
        ""imports"": [
            ""import typing as t"",
            ""from flask import Flask""
        ],
        ""initialization"": [
            ""app_import_path = 'my_flask_app'"",
            ""def create_app(script_info):"",
            ""    app = Flask(__name__)"",
            ""    return app"",
            ""set_debug_flag = False""
        ]
    },
    {
        ""imports"": [
            ""from typing import Any, Dict"",
            ""from flask import Flask""
        ],
        ""initialization"": [
            ""app_import_path = 'my_flask_app'"",
            ""def create_app(script_info: Any) -> Flask:\n    app = Flask(__name__)\n    return app"",
            ""set_debug_flag = True""
        ]
    }
]","[
    {
        ""imports"": [
            ""from flask import Flask # pragma: no cover"",
            ""import typing as t # pragma: no cover""
        ],
        ""initialization"": [
            ""def create_app(script_info: t.Any) -> Flask: return Flask(__name__) # pragma: no cover"",
            ""set_debug_flag = True # pragma: no cover""
        ]
    },
    {
        ""imports"": [
            ""from flask import Flask # pragma: no cover"",
            ""import typing as t # pragma: no cover""
        ],
        ""initialization"": [
            ""def create_app(script_info): return Flask(__name__) # pragma: no cover"",
            ""set_debug_flag = True # pragma: no cover""
        ]
    },
    {
        ""imports"": [
            ""from typing import Any, Dict, Callable, Optional # pragma: no cover"",
            ""from flask import Flask # pragma: no cover""
        ],
        ""initialization"": [
            ""create_app: Callable[[Any], Flask] = lambda info: Flask(__name__) # pragma: no cover"",
            ""set_debug_flag: bool = True # pragma: no cover""
        ]
    },
    {
        ""imports"": [
            ""from typing import Any, Dict, Callable, Optional # pragma: no cover"",
            ""from flask import Flask # pragma: no cover""
        ],
        ""initialization"": [
            ""def create_app(script_info: Any) -> Flask: # pragma: no cover"",
            ""    app = Flask(__name__) # pragma: no cover"",
            ""    return app # pragma: no cover"",
            ""set_debug_flag = True # pragma: no cover""
        ]
    },
    {
        ""imports"": [
            ""from flask import Flask # pragma: no cover"",
            ""import typing as t # pragma: no cover""
        ],
        ""initialization"": [
            ""def create_app(script_info: t.Any) -> Flask: return Flask(__name__) # pragma: no cover"",
            ""set_debug_flag = True # pragma: no cover"",
            ""object_instance = type('ObjectInstance', (object,), {}).__new__(type('ObjectInstance', (object,), {})) # pragma: no cover""
        ]
    },
    {
        ""imports"": [
            ""from flask import Flask # pragma: no cover"",
            ""import typing as t # pragma: no cover""
        ],
        ""initialization"": [
            ""def create_app(script_info): return Flask(__name__) # pragma: no cover"",
            ""set_debug_flag = True # pragma: no cover""
        ]
    },
    {
        ""imports"": [
            ""from typing import Any, Dict # pragma: no cover"",
            ""from flask import Flask # pragma: no cover""
        ],
        ""initialization"": [
            ""def create_app(script_info: Any) -> Flask:# pragma: no cover"",
            ""    app = Flask(__name__)# pragma: no cover"",
            ""    return app # pragma: no cover"",
            ""set_debug_flag = True # pragma: no cover""
        ]
    },
    {
        ""imports"": [
            ""from flask import Flask # pragma: no cover"",
            ""import typing as t # pragma: no cover""
        ],
        ""initialization"": [
            ""def create_app(script_info=None): return Flask(__name__) # pragma: no cover"",
            ""set_debug_flag = True # pragma: no cover""
        ]
    },
    {
        ""imports"": [
            ""import typing as t # pragma: no cover"",
            ""from flask import Flask # pragma: no cover""
        ],
        ""initialization"": [
            ""def create_app(script_info): # pragma: no cover"",
            ""    app = Flask(__name__) # pragma: no cover"",
            ""    return app # pragma: no cover"",
            ""set_debug_flag = False # pragma: no cover""
        ]
    },
    {
        ""imports"": [
            ""from typing import Any, Dict # pragma: no cover"",
            ""from flask import Flask # pragma: no cover""
        ],
        ""initialization"": [
            ""def create_app(script_info: Any) -> Flask:# pragma: no cover"",
            ""    app = Flask(__name__)# pragma: no cover"",
            ""    return app # pragma: no cover"",
            ""set_debug_flag = True # pragma: no cover""
        ]
    }
]",3,1581,0.0007905,811,0.0012165,0.002007
"When trying to execute the code snippet with the provided imports and initialization, the lines with # uncovered are not executed.

# begin code snippet
#: Optionally the import path for the Flask application.
self.app_import_path = app_import_path # uncovered
#: Optionally a function that is passed the script info to create
#: the instance of the application.
self.create_app = create_app # uncovered
#: A dictionary with arbitrary data that can be associated with
#: this script info.
self.data: t.Dict[t.Any, t.Any] = {} # uncovered
self.set_debug_flag = set_debug_flag # uncovered
self._loaded_app: Flask | None = None # uncovered

# end code snippet

Please, provide self-contained and concrete Python modified values of the imports and initialization to execute one of the uncovered paths in the code snippet.
Respond strictly with JSON. The JSON should be compatible with the TypeScript type `Response` from the following:

```ts
interface Response {
// Python import statements needed in the initialization code. One string per import.
imports: string[];
// Python code to initialize the undefined variables and make the code snippet executable. One string per undefined variable. The statements in the code snippet above are not part of the initialization of undefined variables. Therefore, their copy or modified versions should not be added here. The values should be self-contained and concrete, i.e. without assumptions or expected replacements of any code that is not present in the code snippet. In case there are undefined attributes or methods and the attribute or method base is not initialized, initialize the attribute or method base using type(""Mock"", bases, dict), where bases is a tuple containing the base classes that the Mock object inherits from, e.g. object, and dict is a dictionary containing the initialization of the undefined attributes and methods in the code snippet.
initialization: string[];
}
```","[
    {
        ""imports"": [
            ""from flask import Flask"",
            ""import typing as t""
        ],
        ""initialization"": [
            ""app_import_path = 'example.app.path'"",
            ""def create_app(script_info): return Flask(__name__)"",
            ""set_debug_flag = True"",
            ""class Mock:"",
            ""    def __init__(self):"",
            ""        self.app_import_path = app_import_path"",
            ""        self.create_app = create_app"",
            ""        self.data = {}"",
            ""        self.set_debug_flag = set_debug_flag"",
            ""        self._loaded_app = None"",
            ""self = Mock()""
        ]
    },
    {
        ""imports"": [
            ""from flask import Flask"",
            ""import typing as t""
        ],
        ""initialization"": [
            ""self = type('Mock', (object,), {})()"",
            ""app_import_path = 'my_flask_app'"",
            ""def create_app(script_info): return Flask(__name__)"",
            ""set_debug_flag = True""
        ]
    },
    {
        ""imports"": [
            ""from flask import Flask"",
            ""import typing as t""
        ],
        ""initialization"": [
            ""app_import_path = 'my_flask_app'"",
            ""def create_app(script_info): return Flask(__name__)"",
            ""set_debug_flag = True"",
            ""self = type('MockSelf', (object,), {})()"",
            ""self.app_import_path = app_import_path"",
            ""self.create_app = create_app"",
            ""self.data = {}"",
            ""self.set_debug_flag = set_debug_flag"",
            ""self._loaded_app = None""
        ]
    },
    {
        ""imports"": [
            ""from flask import Flask"",
            ""import typing as t""
        ],
        ""initialization"": [
            ""class MockSelf:"",
            ""    pass"",
            ""self = MockSelf()"",
            ""app_import_path = 'my_flask_app'"",
            ""def create_app(script_info): return Flask(__name__)"",
            ""set_debug_flag = True"",
            ""self.app_import_path = app_import_path"",
            ""self.create_app = create_app"",
            ""self.data = {}"",
            ""self.set_debug_flag = set_debug_flag"",
            ""self._loaded_app = None""
        ]
    },
    {
        ""imports"": [
            ""from flask import Flask"",
            ""import typing as t""
        ],
        ""initialization"": [
            ""app_import_path = 'my_flask_app'"",
            ""def create_app(script_info): return Flask(__name__)"",
            ""set_debug_flag = True"",
            ""class MockSelf:"",
            ""    app_import_path: str"",
            ""    create_app: t.Callable"",
            ""    data: t.Dict[t.Any, t.Any]"",
            ""    set_debug_flag: bool"",
            ""    _loaded_app: t.Optional[Flask]"",
            ""self = MockSelf()""
        ]
    },
    {
        ""imports"": [
            ""from flask import Flask"",
            ""import typing as t""
        ],
        ""initialization"": [
            ""app_import_path = 'my_flask_app'"",
            ""def create_app(script_info): return Flask(__name__)"",
            ""set_debug_flag = True"",
            ""self = type('Mock', (object,), {})()""
        ]
    },
    {
        ""imports"": [
            ""from flask import Flask"",
            ""import typing as t""
        ],
        ""initialization"": [
            ""app_import_path = 'example_app_path'"",
            ""def create_app(script_info): return Flask(__name__)"",
            ""set_debug_flag = True"",
            ""self = type('MockSelf', (object,), {})()"",
            ""self.app_import_path = app_import_path"",
            ""self.create_app = create_app"",
            ""self.data = {}"",
            ""self.set_debug_flag = set_debug_flag"",
            ""self._loaded_app = None""
        ]
    },
    {
        ""imports"": [
            ""from flask import Flask"",
            ""import typing as t""
        ],
        ""initialization"": [
            ""app_import_path = 'my_flask_app'"",
            ""def create_app(script_info): return Flask(__name__)"",
            ""set_debug_flag = True"",
            ""self = type('MockSelf', (object,), {})()"",
            ""self.app_import_path = app_import_path"",
            ""self.create_app = create_app"",
            ""self.data = {}"",
            ""self.set_debug_flag = set_debug_flag"",
            ""self._loaded_app = None""
        ]
    },
    {
        ""imports"": [
            ""from flask import Flask"",
            ""import typing as t""
        ],
        ""initialization"": [
            ""app_import_path = 'my_flask_app'"",
            ""def create_app(script_info): return Flask(__name__)"",
            ""set_debug_flag = True"",
            ""self = type('MockSelf', (object,), {})()"",
            ""self.app_import_path = app_import_path"",
            ""self.create_app = create_app"",
            ""self.data = {}"",
            ""self.set_debug_flag = set_debug_flag"",
            ""self._loaded_app = None""
        ]
    },
    {
        ""imports"": [
            ""from flask import Flask"",
            ""import typing as t""
        ],
        ""initialization"": [
            ""app_import_path = 'my_flask_app'"",
            ""def create_app(script_info): return Flask(__name__)"",
            ""set_debug_flag = True"",
            ""self = type('Mock', (object,), {})()""
        ]
    }
]","[
    {
        ""imports"": [
            ""from flask import Flask # pragma: no cover"",
            ""import typing as t # pragma: no cover""
        ],
        ""initialization"": [
            ""def create_app(script_info): return Flask(__name__) # pragma: no cover"",
            ""set_debug_flag = True # pragma: no cover"",
            ""class Mock: # pragma: no cover"",
            ""    def __init__(self): # pragma: no cover"",
            ""        self.create_app = create_app # pragma: no cover"",
            ""        self.data = {} # pragma: no cover"",
            ""        self.set_debug_flag = set_debug_flag # pragma: no cover"",
            ""        self._loaded_app = None # pragma: no cover"",
            ""self = Mock() # pragma: no cover""
        ]
    },
    {
        ""imports"": [
            ""from flask import Flask # pragma: no cover"",
            ""import typing as t # pragma: no cover""
        ],
        ""initialization"": [
            ""self = type('Mock', (object,), {})() # pragma: no cover"",
            ""def create_app(script_info): return Flask(__name__) # pragma: no cover"",
            ""set_debug_flag = True # pragma: no cover""
        ]
    },
    {
        ""imports"": [
            ""from flask import Flask # pragma: no cover"",
            ""import typing as t # pragma: no cover""
        ],
        ""initialization"": [
            ""def create_app(script_info): return Flask(__name__) # pragma: no cover"",
            ""set_debug_flag = True # pragma: no cover"",
            ""self = type('MockSelf', (object,), {})() # pragma: no cover"",
            ""self.create_app = create_app # pragma: no cover"",
            ""self.data = {} # pragma: no cover"",
            ""self.set_debug_flag = set_debug_flag # pragma: no cover"",
            ""self._loaded_app = None # pragma: no cover""
        ]
    },
    {
        ""imports"": [
            ""from flask import Flask # pragma: no cover"",
            ""import typing as t # pragma: no cover""
        ],
        ""initialization"": [
            ""class MockSelf: # pragma: no cover"",
            ""    pass # pragma: no cover"",
            ""self = MockSelf() # pragma: no cover"",
            ""def create_app(script_info): return Flask(__name__) # pragma: no cover"",
            ""set_debug_flag = True # pragma: no cover"",
            ""self.create_app = create_app # pragma: no cover"",
            ""self.data = {} # pragma: no cover"",
            ""self.set_debug_flag = set_debug_flag # pragma: no cover"",
            ""self._loaded_app = None # pragma: no cover""
        ]
    },
    {
        ""imports"": [
            ""from flask import Flask # pragma: no cover"",
            ""import typing as t # pragma: no cover""
        ],
        ""initialization"": [
            ""def create_app(script_info): return Flask(__name__) # pragma: no cover"",
            ""set_debug_flag = True # pragma: no cover"",
            ""class MockSelf: # pragma: no cover"",
            ""    create_app: t.Callable # pragma: no cover"",
            ""    data: t.Dict[t.Any, t.Any] # pragma: no cover"",
            ""    set_debug_flag: bool # pragma: no cover"",
            ""    _loaded_app: t.Optional[Flask] # pragma: no cover"",
            ""self = MockSelf() # pragma: no cover""
        ]
    },
    {
        ""imports"": [
            ""from flask import Flask # pragma: no cover"",
            ""import typing as t # pragma: no cover""
        ],
        ""initialization"": [
            ""def create_app(script_info): return Flask(__name__) # pragma: no cover"",
            ""set_debug_flag = True # pragma: no cover"",
            ""self = type('Mock', (object,), {})() # pragma: no cover""
        ]
    },
    {
        ""imports"": [
            ""from flask import Flask # pragma: no cover"",
            ""import typing as t # pragma: no cover""
        ],
        ""initialization"": [
            ""def create_app(script_info): return Flask(__name__) # pragma: no cover"",
            ""set_debug_flag = True # pragma: no cover"",
            ""self = type('MockSelf', (object,), {})() # pragma: no cover"",
            ""self.create_app = create_app # pragma: no cover"",
            ""self.data = {} # pragma: no cover"",
            ""self.set_debug_flag = set_debug_flag # pragma: no cover"",
            ""self._loaded_app = None # pragma: no cover""
        ]
    },
    {
        ""imports"": [
            ""from flask import Flask # pragma: no cover"",
            ""import typing as t # pragma: no cover""
        ],
        ""initialization"": [
            ""def create_app(script_info): return Flask(__name__) # pragma: no cover"",
            ""set_debug_flag = True # pragma: no cover"",
            ""self = type('MockSelf', (object,), {})() # pragma: no cover"",
            ""self.create_app = create_app # pragma: no cover"",
            ""self.data = {} # pragma: no cover"",
            ""self.set_debug_flag = set_debug_flag # pragma: no cover"",
            ""self._loaded_app = None # pragma: no cover""
        ]
    },
    {
        ""imports"": [
            ""from flask import Flask # pragma: no cover"",
            ""import typing as t # pragma: no cover""
        ],
        ""initialization"": [
            ""def create_app(script_info): return Flask(__name__) # pragma: no cover"",
            ""set_debug_flag = True # pragma: no cover"",
            ""self = type('MockSelf', (object,), {})() # pragma: no cover"",
            ""self.create_app = create_app # pragma: no cover"",
            ""self.data = {} # pragma: no cover"",
            ""self.set_debug_flag = set_debug_flag # pragma: no cover"",
            ""self._loaded_app = None # pragma: no cover""
        ]
    },
    {
        ""imports"": [
            ""from flask import Flask # pragma: no cover"",
            ""import typing as t # pragma: no cover""
        ],
        ""initialization"": [
            ""def create_app(script_info): return Flask(__name__) # pragma: no cover"",
            ""set_debug_flag = True # pragma: no cover"",
            ""self = type('Mock', (object,), {})() # pragma: no cover""
        ]
    }
]",3,2763,0.0013815,1196,0.001794,0.0031755
"When trying to execute the code snippet with the provided imports and initialization, the lines with # uncovered are not executed.

# begin code snippet
#: Optionally the import path for the Flask application.
self.app_import_path = app_import_path # uncovered
#: Optionally a function that is passed the script info to create
#: the instance of the application.
self.create_app = create_app # uncovered
#: A dictionary with arbitrary data that can be associated with
#: this script info.
self.data: t.Dict[t.Any, t.Any] = {} # uncovered
self.set_debug_flag = set_debug_flag # uncovered
self._loaded_app: Flask | None = None # uncovered

# end code snippet

Please, provide self-contained and concrete Python modified values of the imports and initialization to execute one of the uncovered paths in the code snippet.
Respond strictly with JSON. The JSON should be compatible with the TypeScript type `Response` from the following:

```ts
interface Response {
// Python import statements needed in the initialization code. One string per import.
imports: string[];
// Python code to initialize the undefined variables and make the code snippet executable. One string per undefined variable. The statements in the code snippet above are not part of the initialization of undefined variables. Therefore, their copy or modified versions should not be added here. The values should be self-contained and concrete, i.e. without assumptions or expected replacements of any code that is not present in the code snippet. In case there are undefined attributes or methods and the attribute or method base is not initialized, initialize the attribute or method base using type(""Mock"", bases, dict), where bases is a tuple containing the base classes that the Mock object inherits from, e.g. object, and dict is a dictionary containing the initialization of the undefined attributes and methods in the code snippet.
initialization: string[];
}
```","[
    {
        ""imports"": [
            ""from flask import Flask"",
            ""import typing as t""
        ],
        ""initialization"": [
            ""app_import_path = 'example_app'"",
            ""def create_app(script_info: t.Any) -> Flask:"",
            ""    return Flask(__name__)"",
            ""set_debug_flag = True""
        ]
    },
    {
        ""imports"": [
            ""from typing import Any, Dict"",
            ""from flask import Flask""
        ],
        ""initialization"": [
            ""app_import_path = 'example_app_path'"",
            ""def create_app(script_info: Any) -> Flask: return Flask(__name__)"",
            ""set_debug_flag = True""
        ]
    },
    {
        ""imports"": [
            ""from flask import Flask"",
            ""import typing as t""
        ],
        ""initialization"": [
            ""app_import_path = 'example_app'"",
            ""def create_app(script_info: t.Any) -> Flask: return Flask(__name__)"",
            ""set_debug_flag = True""
        ]
    },
    {
        ""imports"": [
            ""from flask import Flask"",
            ""import typing as t""
        ],
        ""initialization"": [
            ""app_import_path = 'example_app_path'"",
            ""def create_app(script_info: t.Any) -> Flask: return Flask(__name__)"",
            ""set_debug_flag = True"",
            ""self = type('Self', (object,), {})()""
        ]
    },
    {
        ""imports"": [
            ""from flask import Flask"",
            ""import typing as t""
        ],
        ""initialization"": [
            ""app_import_path = 'example_app'"",
            ""def create_app(script_info: t.Any) -> Flask: return Flask(__name__)"",
            ""set_debug_flag = True"",
            ""self = type('Mock', (object,), {})"",
            ""self.app_import_path = app_import_path""
        ]
    },
    {
        ""imports"": [
            ""from flask import Flask"",
            ""import typing as t""
        ],
        ""initialization"": [
            ""app_import_path = 'my_flask_app'"",
            ""def create_app(script_info): return Flask(__name__)"",
            ""set_debug_flag = False""
        ]
    },
    {
        ""imports"": [
            ""from flask import Flask"",
            ""import typing as t""
        ],
        ""initialization"": [
            ""app_import_path = 'test_app_path'"",
            ""def create_app(script_info: t.Any) -> Flask: return Flask(__name__)"",
            ""set_debug_flag = True""
        ]
    },
    {
        ""imports"": [
            ""import typing as t"",
            ""from flask import Flask""
        ],
        ""initialization"": [
            ""app_import_path = 'my_flask_app'"",
            ""def create_app(script_info):"",
            ""    app = Flask(__name__)"",
            ""    return app"",
            ""t.Dict = dict"",
            ""t.Any = object"",
            ""set_debug_flag = True""
        ]
    },
    {
        ""imports"": [
            ""from flask import Flask"",
            ""import typing as t""
        ],
        ""initialization"": [
            ""app_import_path = 'example.app'"",
            ""create_app = lambda script_info: Flask(__name__)"",
            ""Mock = type('Mock', (object,), {'app_import_path': app_import_path, 'create_app': create_app, 'data': {}, 'set_debug_flag': True, '_loaded_app': None})""
        ]
    },
    {
        ""imports"": [
            ""from flask import Flask"",
            ""import typing as t""
        ],
        ""initialization"": [
            ""app_import_path = 'my_flask_app'"",
            ""def create_app(script_info=None): return Flask(__name__)"",
            ""set_debug_flag = True""
        ]
    }
]","[
    {
        ""imports"": [
            ""from flask import Flask # pragma: no cover"",
            ""import typing as t # pragma: no cover""
        ],
        ""initialization"": [
            ""def create_app(script_info: t.Any) -> Flask: # pragma: no cover"",
            ""    return Flask(__name__) # pragma: no cover"",
            ""set_debug_flag = True # pragma: no cover""
        ]
    },
    {
        ""imports"": [
            ""from typing import Any, Dict # pragma: no cover"",
            ""from flask import Flask # pragma: no cover""
        ],
        ""initialization"": [
            ""def create_app(script_info: Any) -> Flask: return Flask(__name__) # pragma: no cover"",
            ""set_debug_flag = True # pragma: no cover""
        ]
    },
    {
        ""imports"": [
            ""from flask import Flask # pragma: no cover"",
            ""import typing as t # pragma: no cover""
        ],
        ""initialization"": [
            ""def create_app(script_info: t.Any) -> Flask: return Flask(__name__) # pragma: no cover"",
            ""set_debug_flag = True # pragma: no cover""
        ]
    },
    {
        ""imports"": [
            ""from flask import Flask # pragma: no cover"",
            ""import typing as t # pragma: no cover""
        ],
        ""initialization"": [
            ""def create_app(script_info: t.Any) -> Flask: return Flask(__name__) # pragma: no cover"",
            ""set_debug_flag = True # pragma: no cover"",
            ""self = type('Self', (object,), {})() # pragma: no cover""
        ]
    },
    {
        ""imports"": [
            ""from flask import Flask # pragma: no cover"",
            ""import typing as t # pragma: no cover""
        ],
        ""initialization"": [
            ""def create_app(script_info: t.Any) -> Flask: return Flask(__name__) # pragma: no cover"",
            ""set_debug_flag = True # pragma: no cover"",
            ""self = type('Mock', (object,), {}) # pragma: no cover""
        ]
    },
    {
        ""imports"": [
            ""from flask import Flask # pragma: no cover"",
            ""import typing as t # pragma: no cover""
        ],
        ""initialization"": [
            ""def create_app(script_info): return Flask(__name__) # pragma: no cover"",
            ""set_debug_flag = False # pragma: no cover""
        ]
    },
    {
        ""imports"": [
            ""from flask import Flask # pragma: no cover"",
            ""import typing as t # pragma: no cover""
        ],
        ""initialization"": [
            ""def create_app(script_info: t.Any) -> Flask: return Flask(__name__) # pragma: no cover"",
            ""set_debug_flag = True # pragma: no cover""
        ]
    },
    {
        ""imports"": [
            ""import typing as t # pragma: no cover"",
            ""from flask import Flask # pragma: no cover""
        ],
        ""initialization"": [
            ""def create_app(script_info): # pragma: no cover"",
            ""    app = Flask(__name__) # pragma: no cover"",
            ""    return app # pragma: no cover"",
            ""t.Dict = dict # pragma: no cover"",
            ""t.Any = object # pragma: no cover"",
            ""set_debug_flag = True # pragma: no cover""
        ]
    },
    {
        ""imports"": [
            ""from flask import Flask # pragma: no cover"",
            ""import typing as t # pragma: no cover""
        ],
        ""initialization"": [
            ""create_app = lambda script_info: Flask(__name__) # pragma: no cover""
        ]
    },
    {
        ""imports"": [
            ""from flask import Flask # pragma: no cover"",
            ""import typing as t # pragma: no cover""
        ],
        ""initialization"": [
            ""def create_app(script_info=None): return Flask(__name__) # pragma: no cover"",
            ""set_debug_flag = True # pragma: no cover""
        ]
    }
]",3,2772,0.001386,830,0.001245,0.002631
"When trying to execute the code snippet with the provided imports and initialization, the lines with # uncovered are not executed.

# begin code snippet
#: Optionally the import path for the Flask application.
self.app_import_path = app_import_path # uncovered
#: Optionally a function that is passed the script info to create
#: the instance of the application.
self.create_app = create_app # uncovered
#: A dictionary with arbitrary data that can be associated with
#: this script info.
self.data: t.Dict[t.Any, t.Any] = {} # uncovered
self.set_debug_flag = set_debug_flag # uncovered
self._loaded_app: Flask | None = None # uncovered

# end code snippet

Please, provide self-contained and concrete Python modified values of the imports and initialization to execute one of the uncovered paths in the code snippet.
Respond strictly with JSON. The JSON should be compatible with the TypeScript type `Response` from the following:

```ts
interface Response {
// Python import statements needed in the initialization code. One string per import.
imports: string[];
// Python code to initialize the undefined variables and make the code snippet executable. One string per undefined variable. The statements in the code snippet above are not part of the initialization of undefined variables. Therefore, their copy or modified versions should not be added here. The values should be self-contained and concrete, i.e. without assumptions or expected replacements of any code that is not present in the code snippet. In case there are undefined attributes or methods and the attribute or method base is not initialized, initialize the attribute or method base using type(""Mock"", bases, dict), where bases is a tuple containing the base classes that the Mock object inherits from, e.g. object, and dict is a dictionary containing the initialization of the undefined attributes and methods in the code snippet.
initialization: string[];
}
```","[
    {
        ""imports"": [
            ""from flask import Flask"",
            ""import typing as t""
        ],
        ""initialization"": [
            ""app_import_path = 'my_flask_app'"",
            ""def create_app(script_info): return Flask(__name__)"",
            ""set_debug_flag = True"",
            ""class MockScriptInfo:"",
            ""    def __init__(self, app_import_path, create_app, set_debug_flag):"",
            ""        self.app_import_path = app_import_path"",
            ""        self.create_app = create_app"",
            ""        self.data = {}"",
            ""        self.set_debug_flag = set_debug_flag"",
            ""        self._loaded_app = None"",
            ""self = MockScriptInfo(app_import_path, create_app, set_debug_flag)""
        ]
    },
    {
        ""imports"": [
            ""from flask import Flask"",
            ""import typing as t""
        ],
        ""initialization"": [
            ""app_import_path = 'example.app.path'"",
            ""def create_app(script_info): return Flask(__name__)"",
            ""set_debug_flag = True"",
            ""class MockSelf:"",
            ""    def __init__(self):"",
            ""        self.app_import_path = app_import_path"",
            ""        self.create_app = create_app"",
            ""        self.data = {}"",
            ""        self.set_debug_flag = set_debug_flag"",
            ""        self._loaded_app = None"",
            ""self = MockSelf()""
        ]
    },
    {
        ""imports"": [
            ""from flask import Flask"",
            ""import typing as t""
        ],
        ""initialization"": [
            ""app_import_path = 'example.app.path'"",
            ""def create_app(script_info): return Flask(__name__)"",
            ""set_debug_flag = True"",
            ""class Mock:"",
            ""    def __init__(self):"",
            ""        self.app_import_path = app_import_path"",
            ""        self.create_app = create_app"",
            ""        self.data = {}"",
            ""        self.set_debug_flag = set_debug_flag"",
            ""        self._loaded_app = None"",
            ""self = Mock()""
        ]
    },
    {
        ""imports"": [
            ""from flask import Flask"",
            ""import typing as t""
        ],
        ""initialization"": [
            ""app_import_path = 'my_flask_app'"",
            ""def create_app(script_info): return Flask(__name__)"",
            ""set_debug_flag = True"",
            ""self = type('MockSelf', (object,), {})()"",
            ""self.app_import_path = app_import_path"",
            ""self.create_app = create_app"",
            ""self.data = {}"",
            ""self.set_debug_flag = set_debug_flag"",
            ""self._loaded_app = None""
        ]
    },
    {
        ""imports"": [
            ""from flask import Flask"",
            ""import typing as t""
        ],
        ""initialization"": [
            ""app_import_path = 'my_flask_app'"",
            ""def create_app(script_info): return Flask(__name__)"",
            ""set_debug_flag = True"",
            ""self = type('MockSelf', (object,), {})()"",
            ""self.app_import_path = app_import_path"",
            ""self.create_app = create_app"",
            ""self.data = {}"",
            ""self.set_debug_flag = set_debug_flag"",
            ""self._loaded_app = None""
        ]
    },
    {
        ""imports"": [
            ""from flask import Flask"",
            ""import typing as t""
        ],
        ""initialization"": [
            ""app_import_path = 'my_flask_app'"",
            ""def create_app(script_info): return Flask(__name__)"",
            ""set_debug_flag = True"",
            ""class Mock:"",
            ""    app_import_path: str"",
            ""    create_app: t.Callable"",
            ""    data: t.Dict[t.Any, t.Any]"",
            ""    set_debug_flag: bool"",
            ""    _loaded_app: t.Optional[Flask]"",
            ""self = Mock()"",
            ""self.app_import_path = app_import_path"",
            ""self.create_app = create_app"",
            ""self.data = {}"",
            ""self.set_debug_flag = set_debug_flag"",
            ""self._loaded_app = None""
        ]
    },
    {
        ""imports"": [
            ""from flask import Flask"",
            ""import typing as t""
        ],
        ""initialization"": [
            ""app_import_path = 'my_flask_app'"",
            ""def create_app(script_info): return Flask(__name__)"",
            ""set_debug_flag = True"",
            ""class MockSelf:"",
            ""    pass"",
            ""self = MockSelf()"",
            ""self.app_import_path = app_import_path""
        ]
    },
    {
        ""imports"": [
            ""from flask import Flask"",
            ""import typing as t""
        ],
        ""initialization"": [
            ""app_import_path = 'my_flask_app'"",
            ""def create_app(script_info): return Flask(__name__)"",
            ""set_debug_flag = True"",
            ""self = type('MockSelf', (object,), {})()"",
            ""self.app_import_path = app_import_path"",
            ""self.create_app = create_app"",
            ""self.data = {}"",
            ""self.set_debug_flag = set_debug_flag"",
            ""self._loaded_app = None""
        ]
    },
    {
        ""imports"": [
            ""from flask import Flask"",
            ""import typing as t""
        ],
        ""initialization"": [
            ""app_import_path = 'my_flask_app'"",
            ""def create_app(script_info): return Flask(__name__)"",
            ""set_debug_flag = True"",
            ""self = type('MockSelf', (object,), {})()"",
            ""self.app_import_path = app_import_path"",
            ""self.create_app = create_app"",
            ""self.data = {}"",
            ""self.set_debug_flag = set_debug_flag"",
            ""self._loaded_app = None""
        ]
    },
    {
        ""imports"": [
            ""from flask import Flask"",
            ""import typing as t""
        ],
        ""initialization"": [
            ""app_import_path = 'example_app_path'"",
            ""def create_app(script_info): return Flask(__name__)"",
            ""set_debug_flag = True"",
            ""class MockSelf:"",
            ""    app_import_path: str"",
            ""    create_app: t.Callable"",
            ""    data: t.Dict[t.Any, t.Any]"",
            ""    set_debug_flag: bool"",
            ""    _loaded_app: t.Optional[Flask]"",
            ""self = MockSelf()"",
            ""self.app_import_path = app_import_path"",
            ""self.create_app = create_app"",
            ""self.data = {}"",
            ""self.set_debug_flag = set_debug_flag"",
            ""self._loaded_app = None""
        ]
    }
]","[
    {
        ""imports"": [
            ""from flask import Flask # pragma: no cover"",
            ""import typing as t # pragma: no cover""
        ],
        ""initialization"": [
            ""def create_app(script_info): return Flask(__name__) # pragma: no cover"",
            ""set_debug_flag = True # pragma: no cover"",
            ""class MockScriptInfo: # pragma: no cover"",
            ""        self.create_app = create_app # pragma: no cover"",
            ""        self.data = {} # pragma: no cover"",
            ""        self.set_debug_flag = set_debug_flag # pragma: no cover"",
            ""        self._loaded_app = None # pragma: no cover""
        ]
    },
    {
        ""imports"": [
            ""from flask import Flask # pragma: no cover"",
            ""import typing as t # pragma: no cover""
        ],
        ""initialization"": [
            ""def create_app(script_info): return Flask(__name__) # pragma: no cover"",
            ""set_debug_flag = True # pragma: no cover"",
            ""class MockSelf: # pragma: no cover"",
            ""    def __init__(self): # pragma: no cover"",
            ""        self.create_app = create_app # pragma: no cover"",
            ""        self.data = {} # pragma: no cover"",
            ""        self.set_debug_flag = set_debug_flag # pragma: no cover"",
            ""        self._loaded_app = None # pragma: no cover"",
            ""self = MockSelf() # pragma: no cover""
        ]
    },
    {
        ""imports"": [
            ""from flask import Flask # pragma: no cover"",
            ""import typing as t # pragma: no cover""
        ],
        ""initialization"": [
            ""def create_app(script_info): return Flask(__name__) # pragma: no cover"",
            ""set_debug_flag = True # pragma: no cover"",
            ""class Mock: # pragma: no cover"",
            ""    def __init__(self): # pragma: no cover"",
            ""        self.create_app = create_app # pragma: no cover"",
            ""        self.data = {} # pragma: no cover"",
            ""        self.set_debug_flag = set_debug_flag # pragma: no cover"",
            ""        self._loaded_app = None # pragma: no cover"",
            ""self = Mock() # pragma: no cover""
        ]
    },
    {
        ""imports"": [
            ""from flask import Flask # pragma: no cover"",
            ""import typing as t # pragma: no cover""
        ],
        ""initialization"": [
            ""def create_app(script_info): return Flask(__name__) # pragma: no cover"",
            ""set_debug_flag = True # pragma: no cover"",
            ""self = type('MockSelf', (object,), {})() # pragma: no cover"",
            ""self.create_app = create_app # pragma: no cover"",
            ""self.data = {} # pragma: no cover"",
            ""self.set_debug_flag = set_debug_flag # pragma: no cover"",
            ""self._loaded_app = None # pragma: no cover""
        ]
    },
    {
        ""imports"": [
            ""from flask import Flask # pragma: no cover"",
            ""import typing as t # pragma: no cover""
        ],
        ""initialization"": [
            ""def create_app(script_info): return Flask(__name__) # pragma: no cover"",
            ""set_debug_flag = True # pragma: no cover"",
            ""self = type('MockSelf', (object,), {})() # pragma: no cover"",
            ""self.create_app = create_app # pragma: no cover"",
            ""self.data = {} # pragma: no cover"",
            ""self.set_debug_flag = set_debug_flag # pragma: no cover"",
            ""self._loaded_app = None # pragma: no cover""
        ]
    },
    {
        ""imports"": [
            ""from flask import Flask # pragma: no cover"",
            ""import typing as t # pragma: no cover""
        ],
        ""initialization"": [
            ""def create_app(script_info): return Flask(__name__) # pragma: no cover"",
            ""set_debug_flag = True # pragma: no cover"",
            ""class Mock: # pragma: no cover"",
            ""    create_app: t.Callable # pragma: no cover"",
            ""    data: t.Dict[t.Any, t.Any] # pragma: no cover"",
            ""    set_debug_flag: bool # pragma: no cover"",
            ""    _loaded_app: t.Optional[Flask] # pragma: no cover"",
            ""self = Mock() # pragma: no cover"",
            ""self.create_app = create_app # pragma: no cover"",
            ""self.data = {} # pragma: no cover"",
            ""self.set_debug_flag = set_debug_flag # pragma: no cover"",
            ""self._loaded_app = None # pragma: no cover""
        ]
    },
    {
        ""imports"": [
            ""from flask import Flask # pragma: no cover"",
            ""import typing as t # pragma: no cover""
        ],
        ""initialization"": [
            ""def create_app(script_info): return Flask(__name__) # pragma: no cover"",
            ""set_debug_flag = True # pragma: no cover"",
            ""class MockSelf: # pragma: no cover"",
            ""    pass # pragma: no cover"",
            ""self = MockSelf() # pragma: no cover""
        ]
    },
    {
        ""imports"": [
            ""from flask import Flask # pragma: no cover"",
            ""import typing as t # pragma: no cover""
        ],
        ""initialization"": [
            ""def create_app(script_info): return Flask(__name__) # pragma: no cover"",
            ""set_debug_flag = True # pragma: no cover"",
            ""self = type('MockSelf', (object,), {})() # pragma: no cover"",
            ""self.create_app = create_app # pragma: no cover"",
            ""self.data = {} # pragma: no cover"",
            ""self.set_debug_flag = set_debug_flag # pragma: no cover"",
            ""self._loaded_app = None # pragma: no cover""
        ]
    },
    {
        ""imports"": [
            ""from flask import Flask # pragma: no cover"",
            ""import typing as t # pragma: no cover""
        ],
        ""initialization"": [
            ""def create_app(script_info): return Flask(__name__) # pragma: no cover"",
            ""set_debug_flag = True # pragma: no cover"",
            ""self = type('MockSelf', (object,), {})() # pragma: no cover"",
            ""self.create_app = create_app # pragma: no cover"",
            ""self.data = {} # pragma: no cover"",
            ""self.set_debug_flag = set_debug_flag # pragma: no cover"",
            ""self._loaded_app = None # pragma: no cover""
        ]
    },
    {
        ""imports"": [
            ""from flask import Flask # pragma: no cover"",
            ""import typing as t # pragma: no cover""
        ],
        ""initialization"": [
            ""def create_app(script_info): return Flask(__name__) # pragma: no cover"",
            ""set_debug_flag = True # pragma: no cover"",
            ""class MockSelf: # pragma: no cover"",
            ""    create_app: t.Callable # pragma: no cover"",
            ""    data: t.Dict[t.Any, t.Any] # pragma: no cover"",
            ""    set_debug_flag: bool # pragma: no cover"",
            ""    _loaded_app: t.Optional[Flask] # pragma: no cover"",
            ""self = MockSelf() # pragma: no cover"",
            ""self.create_app = create_app # pragma: no cover"",
            ""self.data = {} # pragma: no cover"",
            ""self.set_debug_flag = set_debug_flag # pragma: no cover"",
            ""self._loaded_app = None # pragma: no cover""
        ]
    }
]",3,4339,0.0021695,1451,0.0021765,0.004346
"When trying to execute the code snippet with the provided imports and initialization, the lines with # uncovered are not executed.

# begin code snippet
#: Optionally the import path for the Flask application.
self.app_import_path = app_import_path # uncovered
#: Optionally a function that is passed the script info to create
#: the instance of the application.
self.create_app = create_app # uncovered
#: A dictionary with arbitrary data that can be associated with
#: this script info.
self.data: t.Dict[t.Any, t.Any] = {} # uncovered
self.set_debug_flag = set_debug_flag # uncovered
self._loaded_app: Flask | None = None # uncovered

# end code snippet

Please, provide self-contained and concrete Python modified values of the imports and initialization to execute one of the uncovered paths in the code snippet.
Respond strictly with JSON. The JSON should be compatible with the TypeScript type `Response` from the following:

```ts
interface Response {
// Python import statements needed in the initialization code. One string per import.
imports: string[];
// Python code to initialize the undefined variables and make the code snippet executable. One string per undefined variable. The statements in the code snippet above are not part of the initialization of undefined variables. Therefore, their copy or modified versions should not be added here. The values should be self-contained and concrete, i.e. without assumptions or expected replacements of any code that is not present in the code snippet. In case there are undefined attributes or methods and the attribute or method base is not initialized, initialize the attribute or method base using type(""Mock"", bases, dict), where bases is a tuple containing the base classes that the Mock object inherits from, e.g. object, and dict is a dictionary containing the initialization of the undefined attributes and methods in the code snippet.
initialization: string[];
}
```","[
    {
        ""imports"": [
            ""from flask import Flask"",
            ""import typing as t""
        ],
        ""initialization"": [
            ""app_import_path = 'example_app_path'"",
            ""create_app = lambda script_info: Flask(__name__)"",
            ""set_debug_flag = True"",
            ""class Mock(object):\n    pass\nself = Mock()""
        ]
    },
    {
        ""imports"": [
            ""from flask import Flask"",
            ""import typing as t""
        ],
        ""initialization"": [
            ""app_import_path = 'example.app'"",
            ""def create_app(script_info: t.Any) -> Flask: return Flask(__name__)"",
            ""set_debug_flag = True"",
            ""self = type('Self', (object,), {})()"",
            ""self.app_import_path = app_import_path""
        ]
    },
    {
        ""imports"": [
            ""from flask import Flask"",
            ""import typing as t""
        ],
        ""initialization"": [
            ""app_import_path = 'example_app_path'"",
            ""def create_app(script_info: t.Any) -> Flask:"",
            ""    return Flask(__name__)"",
            ""set_debug_flag = True"",
            ""self = type('Mock', (object,), {})()"",
            ""self.app_import_path = app_import_path""
        ]
    },
    {
        ""imports"": [
            ""from flask import Flask"",
            ""import typing as t""
        ],
        ""initialization"": [
            ""app_import_path = 'example_app'"",
            ""def create_app(script_info: t.Any) -> Flask: return Flask(__name__)"",
            ""set_debug_flag = True"",
            ""self = type('Mock', (object,), {'app_import_path': app_import_path, 'create_app': create_app, 'data': {}, 'set_debug_flag': set_debug_flag, '_loaded_app': None})()""
        ]
    },
    {
        ""imports"": [
            ""import typing as t"",
            ""from flask import Flask""
        ],
        ""initialization"": [
            ""app_import_path = 'example_app'"",
            ""def create_app(info: t.Any) -> Flask:"",
            ""    return Flask(__name__)"",
            ""set_debug_flag = True"",
            ""self = type('Mock', (object,), {})()""
        ]
    },
    {
        ""imports"": [
            ""from flask import Flask"",
            ""import typing as t""
        ],
        ""initialization"": [
            ""app_import_path = 'example_app_path'"",
            ""def create_app(script_info: t.Any) -> Flask: return Flask(__name__)"",
            ""set_debug_flag = True"",
            ""self = type('Mock', (object,), {})""
        ]
    },
    {
        ""imports"": [
            ""from flask import Flask"",
            ""import typing as t""
        ],
        ""initialization"": [
            ""app_import_path = 'example_app_path'"",
            ""def create_app(script_info: t.Any) -> Flask: return Flask(__name__)"",
            ""set_debug_flag = True"",
            ""self = type('Mock', (object,), {'app_import_path': app_import_path, 'create_app': create_app, 'data': {}, 'set_debug_flag': set_debug_flag, '_loaded_app': None})()""
        ]
    },
    {
        ""imports"": [
            ""from flask import Flask"",
            ""import typing as t""
        ],
        ""initialization"": [
            ""app_import_path = 'example_app_path'"",
            ""def create_app(script_info: t.Any) -> Flask: return Flask(__name__)"",
            ""set_debug_flag = True"",
            ""self = type('Mock', (object,), {})()"",
            ""self.app_import_path = app_import_path""
        ]
    },
    {
        ""imports"": [
            ""from flask import Flask"",
            ""import typing as t""
        ],
        ""initialization"": [
            ""app_import_path = 'example_app'"",
            ""def create_app(script_info: t.Any) -> Flask: return Flask(__name__)"",
            ""set_debug_flag = True"",
            ""self = type('Mock', (object,), {'app_import_path': None, 'create_app': None, 'data': {}, 'set_debug_flag': None, '_loaded_app': None})()"",
            ""self.app_import_path = app_import_path""
        ]
    },
    {
        ""imports"": [
            ""from flask import Flask"",
            ""import typing as t""
        ],
        ""initialization"": [
            ""app_import_path = 'example_app_path'"",
            ""def create_app(script_info: t.Any) -> Flask: return Flask(__name__)"",
            ""set_debug_flag = True"",
            ""self = type('Mock', (object,), {})()""
        ]
    }
]","[
    {
        ""imports"": [
            ""from flask import Flask # pragma: no cover"",
            ""import typing as t # pragma: no cover""
        ],
        ""initialization"": [
            ""create_app = lambda script_info: Flask(__name__) # pragma: no cover"",
            ""set_debug_flag = True # pragma: no cover"",
            ""class Mock(object):# pragma: no cover"",
            ""    pass# pragma: no cover"",
            ""self = Mock() # pragma: no cover""
        ]
    },
    {
        ""imports"": [
            ""from flask import Flask # pragma: no cover"",
            ""import typing as t # pragma: no cover""
        ],
        ""initialization"": [
            ""def create_app(script_info: t.Any) -> Flask: return Flask(__name__) # pragma: no cover"",
            ""set_debug_flag = True # pragma: no cover"",
            ""self = type('Self', (object,), {})() # pragma: no cover""
        ]
    },
    {
        ""imports"": [
            ""from flask import Flask # pragma: no cover"",
            ""import typing as t # pragma: no cover""
        ],
        ""initialization"": [
            ""def create_app(script_info: t.Any) -> Flask: # pragma: no cover"",
            ""    return Flask(__name__) # pragma: no cover"",
            ""set_debug_flag = True # pragma: no cover"",
            ""self = type('Mock', (object,), {})() # pragma: no cover""
        ]
    },
    {
        ""imports"": [
            ""from flask import Flask # pragma: no cover"",
            ""import typing as t # pragma: no cover""
        ],
        ""initialization"": [
            ""def create_app(script_info: t.Any) -> Flask: return Flask(__name__) # pragma: no cover"",
            ""set_debug_flag = True # pragma: no cover""
        ]
    },
    {
        ""imports"": [
            ""import typing as t # pragma: no cover"",
            ""from flask import Flask # pragma: no cover""
        ],
        ""initialization"": [
            ""def create_app(info: t.Any) -> Flask: # pragma: no cover"",
            ""    return Flask(__name__) # pragma: no cover"",
            ""set_debug_flag = True # pragma: no cover"",
            ""self = type('Mock', (object,), {})() # pragma: no cover""
        ]
    },
    {
        ""imports"": [
            ""from flask import Flask # pragma: no cover"",
            ""import typing as t # pragma: no cover""
        ],
        ""initialization"": [
            ""def create_app(script_info: t.Any) -> Flask: return Flask(__name__) # pragma: no cover"",
            ""set_debug_flag = True # pragma: no cover"",
            ""self = type('Mock', (object,), {}) # pragma: no cover""
        ]
    },
    {
        ""imports"": [
            ""from flask import Flask # pragma: no cover"",
            ""import typing as t # pragma: no cover""
        ],
        ""initialization"": [
            ""def create_app(script_info: t.Any) -> Flask: return Flask(__name__) # pragma: no cover"",
            ""set_debug_flag = True # pragma: no cover""
        ]
    },
    {
        ""imports"": [
            ""from flask import Flask # pragma: no cover"",
            ""import typing as t # pragma: no cover""
        ],
        ""initialization"": [
            ""def create_app(script_info: t.Any) -> Flask: return Flask(__name__) # pragma: no cover"",
            ""set_debug_flag = True # pragma: no cover"",
            ""self = type('Mock', (object,), {})() # pragma: no cover""
        ]
    },
    {
        ""imports"": [
            ""from flask import Flask # pragma: no cover"",
            ""import typing as t # pragma: no cover""
        ],
        ""initialization"": [
            ""def create_app(script_info: t.Any) -> Flask: return Flask(__name__) # pragma: no cover"",
            ""set_debug_flag = True # pragma: no cover""
        ]
    },
    {
        ""imports"": [
            ""from flask import Flask # pragma: no cover"",
            ""import typing as t # pragma: no cover""
        ],
        ""initialization"": [
            ""def create_app(script_info: t.Any) -> Flask: return Flask(__name__) # pragma: no cover"",
            ""set_debug_flag = True # pragma: no cover"",
            ""self = type('Mock', (object,), {})() # pragma: no cover""
        ]
    }
]",3,3982,0.001991,1027,0.0015405,0.0035315
"When trying to execute the code snippet with the provided imports and initialization, the lines with # uncovered are not executed.

# begin code snippet
#: Optionally the import path for the Flask application.
self.app_import_path = app_import_path # uncovered
#: Optionally a function that is passed the script info to create
#: the instance of the application.
self.create_app = create_app # uncovered
#: A dictionary with arbitrary data that can be associated with
#: this script info.
self.data: t.Dict[t.Any, t.Any] = {} # uncovered
self.set_debug_flag = set_debug_flag # uncovered
self._loaded_app: Flask | None = None # uncovered

# end code snippet

Please, provide self-contained and concrete Python modified values of the imports and initialization to execute one of the uncovered paths in the code snippet.
Respond strictly with JSON. The JSON should be compatible with the TypeScript type `Response` from the following:

```ts
interface Response {
// Python import statements needed in the initialization code. One string per import.
imports: string[];
// Python code to initialize the undefined variables and make the code snippet executable. One string per undefined variable. The statements in the code snippet above are not part of the initialization of undefined variables. Therefore, their copy or modified versions should not be added here. The values should be self-contained and concrete, i.e. without assumptions or expected replacements of any code that is not present in the code snippet. In case there are undefined attributes or methods and the attribute or method base is not initialized, initialize the attribute or method base using type(""Mock"", bases, dict), where bases is a tuple containing the base classes that the Mock object inherits from, e.g. object, and dict is a dictionary containing the initialization of the undefined attributes and methods in the code snippet.
initialization: string[];
}
```","[
    {
        ""imports"": [
            ""from flask import Flask"",
            ""import typing as t""
        ],
        ""initialization"": [
            ""app_import_path = 'my_flask_app'"",
            ""def create_app(script_info): return Flask(__name__)"",
            ""set_debug_flag = True"",
            ""class MockSelf:"",
            ""    pass"",
            ""self = MockSelf()"",
            ""self.app_import_path = app_import_path"",
            ""self.create_app = create_app"",
            ""self.data = {}""
        ]
    },
    {
        ""imports"": [
            ""from flask import Flask"",
            ""import typing as t""
        ],
        ""initialization"": [
            ""app_import_path = 'example_app_path'"",
            ""def create_app(script_info): return Flask(__name__)"",
            ""set_debug_flag = True"",
            ""class Mock:"",
            ""    def __init__(self):"",
            ""        self.app_import_path = app_import_path"",
            ""        self.create_app = create_app"",
            ""        self.data = {}"",
            ""        self.set_debug_flag = set_debug_flag"",
            ""        self._loaded_app = None"",
            ""self = Mock()""
        ]
    },
    {
        ""imports"": [
            ""from flask import Flask"",
            ""import typing as t""
        ],
        ""initialization"": [
            ""app_import_path = 'example_app_path'"",
            ""def create_app(script_info): return Flask(__name__)"",
            ""set_debug_flag = True"",
            ""class MockSelf:"",
            ""    app_import_path: str"",
            ""    create_app: t.Callable"",
            ""    data: t.Dict[t.Any, t.Any]"",
            ""    set_debug_flag: bool"",
            ""    _loaded_app: t.Optional[Flask]"",
            ""self = MockSelf()"",
            ""self.app_import_path = app_import_path"",
            ""self.create_app = create_app"",
            ""self.data = {}"",
            ""self.set_debug_flag = set_debug_flag"",
            ""self._loaded_app = None""
        ]
    },
    {
        ""imports"": [
            ""from flask import Flask"",
            ""import typing as t""
        ],
        ""initialization"": [
            ""app_import_path = 'my_flask_app'"",
            ""def create_app(script_info): return Flask(__name__)"",
            ""set_debug_flag = True"",
            ""class MockSelf:"",
            ""    app_import_path: str"",
            ""    create_app: t.Callable"",
            ""    data: t.Dict[t.Any, t.Any]"",
            ""    set_debug_flag: bool"",
            ""    _loaded_app: t.Optional[Flask]"",
            ""    def __init__(self):"",
            ""        self.data = {}"",
            ""self = MockSelf()"",
            ""self.app_import_path = app_import_path"",
            ""self.create_app = create_app"",
            ""self.set_debug_flag = set_debug_flag"",
            ""self._loaded_app = None""
        ]
    },
    {
        ""imports"": [
            ""from flask import Flask"",
            ""import typing as t""
        ],
        ""initialization"": [
            ""app_import_path = 'example.app.path'"",
            ""def create_app(script_info): return Flask(__name__)"",
            ""set_debug_flag = True"",
            ""class MockSelf:"",
            ""    app_import_path: t.Optional[str]"",
            ""    create_app: t.Optional[t.Callable[[t.Any], Flask]]"",
            ""    data: t.Dict[t.Any, t.Any]"",
            ""    set_debug_flag: bool"",
            ""    _loaded_app: t.Optional[Flask]"",
            ""    def __init__(self, app_import_path, create_app, set_debug_flag):"",
            ""        self.app_import_path = app_import_path"",
            ""        self.create_app = create_app"",
            ""        self.data = {}"",
            ""        self.set_debug_flag = set_debug_flag"",
            ""        self._loaded_app = None"",
            ""self = MockSelf(app_import_path, create_app, set_debug_flag)""
        ]
    },
    {
        ""imports"": [
            ""from flask import Flask"",
            ""import typing as t""
        ],
        ""initialization"": [
            ""app_import_path = 'my_flask_app'"",
            ""def create_app(script_info): return Flask(__name__)"",
            ""set_debug_flag = True"",
            ""class Mock:"",
            ""    def __init__(self, app_import_path, create_app, set_debug_flag):"",
            ""        self.app_import_path = app_import_path"",
            ""        self.create_app = create_app"",
            ""        self.data = {}"",
            ""        self.set_debug_flag = set_debug_flag"",
            ""        self._loaded_app = None"",
            ""self = Mock(app_import_path, create_app, set_debug_flag)""
        ]
    },
    {
        ""imports"": [
            ""from flask import Flask"",
            ""import typing as t""
        ],
        ""initialization"": [
            ""app_import_path = 'my_flask_app'"",
            ""def create_app(script_info): return Flask(__name__)"",
            ""set_debug_flag = True"",
            ""class MockSelf:"",
            ""    def __init__(self):"",
            ""        self.app_import_path = app_import_path"",
            ""        self.create_app = create_app"",
            ""        self.data = {}"",
            ""        self.set_debug_flag = set_debug_flag"",
            ""        self._loaded_app = None"",
            ""self = MockSelf()""
        ]
    },
    {
        ""imports"": [
            ""from flask import Flask"",
            ""import typing as t""
        ],
        ""initialization"": [
            ""app_import_path = 'my_flask_app'"",
            ""def create_app(script_info): return Flask(__name__)"",
            ""set_debug_flag = True"",
            ""class MockSelf:"",
            ""    pass"",
            ""self = MockSelf()"",
            ""self.app_import_path = app_import_path"",
            ""self.create_app = create_app"",
            ""self.data = {}"",
            ""self.set_debug_flag = set_debug_flag"",
            ""self._loaded_app = None""
        ]
    },
    {
        ""imports"": [
            ""from flask import Flask"",
            ""import typing as t""
        ],
        ""initialization"": [
            ""app_import_path = 'my_flask_app'"",
            ""def create_app(script_info): return Flask(__name__)"",
            ""set_debug_flag = True"",
            ""self = type('MockSelf', (object,), {})()"",
            ""self.app_import_path = app_import_path""
        ]
    },
    {
        ""imports"": [
            ""from flask import Flask"",
            ""import typing as t""
        ],
        ""initialization"": [
            ""app_import_path = 'example.app.path'"",
            ""def create_app(script_info): return Flask(__name__)"",
            ""set_debug_flag = True"",
            ""class Mock:"",
            ""    def __init__(self):"",
            ""        self.app_import_path = app_import_path"",
            ""        self.create_app = create_app"",
            ""        self.data = {}"",
            ""        self.set_debug_flag = set_debug_flag"",
            ""        self._loaded_app = None"",
            ""self = Mock()""
        ]
    }
]","[
    {
        ""imports"": [
            ""from flask import Flask # pragma: no cover"",
            ""import typing as t # pragma: no cover""
        ],
        ""initialization"": [
            ""def create_app(script_info): return Flask(__name__) # pragma: no cover"",
            ""set_debug_flag = True # pragma: no cover"",
            ""class MockSelf: # pragma: no cover"",
            ""    pass # pragma: no cover"",
            ""self = MockSelf() # pragma: no cover"",
            ""self.create_app = create_app # pragma: no cover"",
            ""self.data = {} # pragma: no cover""
        ]
    },
    {
        ""imports"": [
            ""from flask import Flask # pragma: no cover"",
            ""import typing as t # pragma: no cover""
        ],
        ""initialization"": [
            ""def create_app(script_info): return Flask(__name__) # pragma: no cover"",
            ""set_debug_flag = True # pragma: no cover"",
            ""class Mock: # pragma: no cover"",
            ""    def __init__(self): # pragma: no cover"",
            ""        self.create_app = create_app # pragma: no cover"",
            ""        self.data = {} # pragma: no cover"",
            ""        self.set_debug_flag = set_debug_flag # pragma: no cover"",
            ""        self._loaded_app = None # pragma: no cover"",
            ""self = Mock() # pragma: no cover""
        ]
    },
    {
        ""imports"": [
            ""from flask import Flask # pragma: no cover"",
            ""import typing as t # pragma: no cover""
        ],
        ""initialization"": [
            ""def create_app(script_info): return Flask(__name__) # pragma: no cover"",
            ""set_debug_flag = True # pragma: no cover"",
            ""class MockSelf: # pragma: no cover"",
            ""    create_app: t.Callable # pragma: no cover"",
            ""    data: t.Dict[t.Any, t.Any] # pragma: no cover"",
            ""    set_debug_flag: bool # pragma: no cover"",
            ""    _loaded_app: t.Optional[Flask] # pragma: no cover"",
            ""self = MockSelf() # pragma: no cover"",
            ""self.create_app = create_app # pragma: no cover"",
            ""self.data = {} # pragma: no cover"",
            ""self.set_debug_flag = set_debug_flag # pragma: no cover"",
            ""self._loaded_app = None # pragma: no cover""
        ]
    },
    {
        ""imports"": [
            ""from flask import Flask # pragma: no cover"",
            ""import typing as t # pragma: no cover""
        ],
        ""initialization"": [
            ""def create_app(script_info): return Flask(__name__) # pragma: no cover"",
            ""set_debug_flag = True # pragma: no cover"",
            ""class MockSelf: # pragma: no cover"",
            ""    create_app: t.Callable # pragma: no cover"",
            ""    data: t.Dict[t.Any, t.Any] # pragma: no cover"",
            ""    set_debug_flag: bool # pragma: no cover"",
            ""    _loaded_app: t.Optional[Flask] # pragma: no cover"",
            ""    def __init__(self): # pragma: no cover"",
            ""        self.data = {} # pragma: no cover"",
            ""self = MockSelf() # pragma: no cover"",
            ""self.create_app = create_app # pragma: no cover"",
            ""self.set_debug_flag = set_debug_flag # pragma: no cover"",
            ""self._loaded_app = None # pragma: no cover""
        ]
    },
    {
        ""imports"": [
            ""from flask import Flask # pragma: no cover"",
            ""import typing as t # pragma: no cover""
        ],
        ""initialization"": [
            ""def create_app(script_info): return Flask(__name__) # pragma: no cover"",
            ""set_debug_flag = True # pragma: no cover"",
            ""class MockSelf: # pragma: no cover"",
            ""    create_app: t.Optional[t.Callable[[t.Any], Flask]] # pragma: no cover"",
            ""    data: t.Dict[t.Any, t.Any] # pragma: no cover"",
            ""    set_debug_flag: bool # pragma: no cover"",
            ""    _loaded_app: t.Optional[Flask] # pragma: no cover"",
            ""        self.create_app = create_app # pragma: no cover"",
            ""        self.data = {} # pragma: no cover"",
            ""        self.set_debug_flag = set_debug_flag # pragma: no cover"",
            ""        self._loaded_app = None # pragma: no cover""
        ]
    },
    {
        ""imports"": [
            ""from flask import Flask # pragma: no cover"",
            ""import typing as t # pragma: no cover""
        ],
        ""initialization"": [
            ""def create_app(script_info): return Flask(__name__) # pragma: no cover"",
            ""set_debug_flag = True # pragma: no cover"",
            ""class Mock: # pragma: no cover"",
            ""        self.create_app = create_app # pragma: no cover"",
            ""        self.data = {} # pragma: no cover"",
            ""        self.set_debug_flag = set_debug_flag # pragma: no cover"",
            ""        self._loaded_app = None # pragma: no cover""
        ]
    },
    {
        ""imports"": [
            ""from flask import Flask # pragma: no cover"",
            ""import typing as t # pragma: no cover""
        ],
        ""initialization"": [
            ""def create_app(script_info): return Flask(__name__) # pragma: no cover"",
            ""set_debug_flag = True # pragma: no cover"",
            ""class MockSelf: # pragma: no cover"",
            ""    def __init__(self): # pragma: no cover"",
            ""        self.create_app = create_app # pragma: no cover"",
            ""        self.data = {} # pragma: no cover"",
            ""        self.set_debug_flag = set_debug_flag # pragma: no cover"",
            ""        self._loaded_app = None # pragma: no cover"",
            ""self = MockSelf() # pragma: no cover""
        ]
    },
    {
        ""imports"": [
            ""from flask import Flask # pragma: no cover"",
            ""import typing as t # pragma: no cover""
        ],
        ""initialization"": [
            ""def create_app(script_info): return Flask(__name__) # pragma: no cover"",
            ""set_debug_flag = True # pragma: no cover"",
            ""class MockSelf: # pragma: no cover"",
            ""    pass # pragma: no cover"",
            ""self = MockSelf() # pragma: no cover"",
            ""self.create_app = create_app # pragma: no cover"",
            ""self.data = {} # pragma: no cover"",
            ""self.set_debug_flag = set_debug_flag # pragma: no cover"",
            ""self._loaded_app = None # pragma: no cover""
        ]
    },
    {
        ""imports"": [
            ""from flask import Flask # pragma: no cover"",
            ""import typing as t # pragma: no cover""
        ],
        ""initialization"": [
            ""def create_app(script_info): return Flask(__name__) # pragma: no cover"",
            ""set_debug_flag = True # pragma: no cover"",
            ""self = type('MockSelf', (object,), {})() # pragma: no cover""
        ]
    },
    {
        ""imports"": [
            ""from flask import Flask # pragma: no cover"",
            ""import typing as t # pragma: no cover""
        ],
        ""initialization"": [
            ""def create_app(script_info): return Flask(__name__) # pragma: no cover"",
            ""set_debug_flag = True # pragma: no cover"",
            ""class Mock: # pragma: no cover"",
            ""    def __init__(self): # pragma: no cover"",
            ""        self.create_app = create_app # pragma: no cover"",
            ""        self.data = {} # pragma: no cover"",
            ""        self.set_debug_flag = set_debug_flag # pragma: no cover"",
            ""        self._loaded_app = None # pragma: no cover"",
            ""self = Mock() # pragma: no cover""
        ]
    }
]",3,6170,0.003085,1553,0.0023295,0.0054145
"When trying to execute the code snippet with the provided imports and initialization, the lines with # uncovered are not executed.

# begin code snippet
#: Optionally the import path for the Flask application.
self.app_import_path = app_import_path # uncovered
#: Optionally a function that is passed the script info to create
#: the instance of the application.
self.create_app = create_app # uncovered
#: A dictionary with arbitrary data that can be associated with
#: this script info.
self.data: t.Dict[t.Any, t.Any] = {} # uncovered
self.set_debug_flag = set_debug_flag # uncovered
self._loaded_app: Flask | None = None # uncovered

# end code snippet

Please, provide self-contained and concrete Python modified values of the imports and initialization to execute one of the uncovered paths in the code snippet.
Respond strictly with JSON. The JSON should be compatible with the TypeScript type `Response` from the following:

```ts
interface Response {
// Python import statements needed in the initialization code. One string per import.
imports: string[];
// Python code to initialize the undefined variables and make the code snippet executable. One string per undefined variable. The statements in the code snippet above are not part of the initialization of undefined variables. Therefore, their copy or modified versions should not be added here. The values should be self-contained and concrete, i.e. without assumptions or expected replacements of any code that is not present in the code snippet. In case there are undefined attributes or methods and the attribute or method base is not initialized, initialize the attribute or method base using type(""Mock"", bases, dict), where bases is a tuple containing the base classes that the Mock object inherits from, e.g. object, and dict is a dictionary containing the initialization of the undefined attributes and methods in the code snippet.
initialization: string[];
}
```","[
    {
        ""imports"": [
            ""from flask import Flask"",
            ""import typing as t""
        ],
        ""initialization"": [
            ""app_import_path = 'example_app_path'"",
            ""def create_app(script_info: t.Any) -> Flask: return Flask(__name__)"",
            ""set_debug_flag = True"",
            ""self = type('Mock', (object,), {'app_import_path': app_import_path, 'create_app': create_app, 'data': {}, 'set_debug_flag': set_debug_flag, '_loaded_app': None})()""
        ]
    },
    {
        ""imports"": [
            ""from flask import Flask"",
            ""import typing as t""
        ],
        ""initialization"": [
            ""app_import_path = 'example_app_path'"",
            ""def create_app(script_info: t.Any) -> Flask: return Flask(__name__)"",
            ""set_debug_flag = True"",
            ""self = type('Mock', (object,), {'app_import_path': app_import_path, 'create_app': create_app, 'data': {}, 'set_debug_flag': set_debug_flag, '_loaded_app': None})()""
        ]
    },
    {
        ""imports"": [
            ""from flask import Flask"",
            ""import typing as t""
        ],
        ""initialization"": [
            ""app_import_path = 'example_app_path'"",
            ""def create_app(script_info: t.Any) -> Flask: return Flask(__name__)"",
            ""set_debug_flag = True"",
            ""self = type('Mock', (object,), {'app_import_path': app_import_path, 'create_app': create_app, 'data': {}, 'set_debug_flag': set_debug_flag, '_loaded_app': None})()""
        ]
    },
    {
        ""imports"": [
            ""from flask import Flask"",
            ""import typing as t""
        ],
        ""initialization"": [
            ""app_import_path = 'example_app_path'"",
            ""def create_app(script_info: t.Any) -> Flask: return Flask(__name__)"",
            ""set_debug_flag = True"",
            ""self = type('Mock', (object,), {'app_import_path': None, 'create_app': None, 'data': {}, 'set_debug_flag': None, '_loaded_app': None})()"",
            ""self.app_import_path = app_import_path"",
            ""self.create_app = create_app"",
            ""self.set_debug_flag = set_debug_flag""
        ]
    },
    {
        ""imports"": [
            ""from flask import Flask"",
            ""import typing as t""
        ],
        ""initialization"": [
            ""app_import_path = 'example_app_path'"",
            ""def create_app(script_info: t.Any) -> Flask: return Flask(__name__)"",
            ""set_debug_flag = True"",
            ""self = type('Mock', (object,), {'app_import_path': app_import_path, 'create_app': create_app, 'data': {}, 'set_debug_flag': set_debug_flag, '_loaded_app': None})()""
        ]
    },
    {
        ""imports"": [
            ""from typing import Any, Dict"",
            ""from flask import Flask""
        ],
        ""initialization"": [
            ""app_import_path = 'example_app_path'"",
            ""def create_app(script_info: Any) -> Flask: return Flask(__name__)"",
            ""set_debug_flag = True"",
            ""self = type('Mock', (object,), {})()"",
            ""self.app_import_path = app_import_path""
        ]
    },
    {
        ""imports"": [
            ""from flask import Flask"",
            ""import typing as t""
        ],
        ""initialization"": [
            ""app_import_path = 'example_app_path'"",
            ""def create_app(script_info: t.Any) -> Flask: return Flask(__name__)"",
            ""set_debug_flag = True"",
            ""self = type('Mock', (object,), {})()"",
            ""self.app_import_path = app_import_path"",
            ""self.create_app = create_app"",
            ""self.data = {}"",
            ""self.set_debug_flag = set_debug_flag"",
            ""self._loaded_app = None""
        ]
    },
    {
        ""imports"": [
            ""from flask import Flask"",
            ""import typing as t""
        ],
        ""initialization"": [
            ""app_import_path = 'example_app_path'"",
            ""def create_app(script_info: t.Any) -> Flask: return Flask(__name__)"",
            ""set_debug_flag = True"",
            ""self = type('Mock', (object,), {'app_import_path': app_import_path, 'create_app': create_app, 'data': {}, 'set_debug_flag': set_debug_flag, '_loaded_app': None})()""
        ]
    },
    {
        ""imports"": [
            ""from flask import Flask"",
            ""import typing as t""
        ],
        ""initialization"": [
            ""app_import_path = 'example_app_path'"",
            ""def create_app(script_info: t.Any) -> Flask: return Flask(__name__)"",
            ""set_debug_flag = True"",
            ""self = type('Mock', (object,), {'app_import_path': None, 'create_app': None, 'data': {}, 'set_debug_flag': None, '_loaded_app': None})()"",
            ""self.app_import_path = app_import_path""
        ]
    },
    {
        ""imports"": [
            ""from flask import Flask"",
            ""import typing as t""
        ],
        ""initialization"": [
            ""app_import_path = 'example_app_path'"",
            ""create_app = lambda script_info: Flask(__name__)"",
            ""set_debug_flag = True"",
            ""self = type('Mock', (object,), {'app_import_path': app_import_path, 'create_app': create_app, 'data': {}, 'set_debug_flag': set_debug_flag, '_loaded_app': None})()""
        ]
    }
]","[
    {
        ""imports"": [
            ""from flask import Flask # pragma: no cover"",
            ""import typing as t # pragma: no cover""
        ],
        ""initialization"": [
            ""def create_app(script_info: t.Any) -> Flask: return Flask(__name__) # pragma: no cover"",
            ""set_debug_flag = True # pragma: no cover""
        ]
    },
    {
        ""imports"": [
            ""from flask import Flask # pragma: no cover"",
            ""import typing as t # pragma: no cover""
        ],
        ""initialization"": [
            ""def create_app(script_info: t.Any) -> Flask: return Flask(__name__) # pragma: no cover"",
            ""set_debug_flag = True # pragma: no cover""
        ]
    },
    {
        ""imports"": [
            ""from flask import Flask # pragma: no cover"",
            ""import typing as t # pragma: no cover""
        ],
        ""initialization"": [
            ""def create_app(script_info: t.Any) -> Flask: return Flask(__name__) # pragma: no cover"",
            ""set_debug_flag = True # pragma: no cover""
        ]
    },
    {
        ""imports"": [
            ""from flask import Flask # pragma: no cover"",
            ""import typing as t # pragma: no cover""
        ],
        ""initialization"": [
            ""def create_app(script_info: t.Any) -> Flask: return Flask(__name__) # pragma: no cover"",
            ""set_debug_flag = True # pragma: no cover"",
            ""self.create_app = create_app # pragma: no cover"",
            ""self.set_debug_flag = set_debug_flag # pragma: no cover""
        ]
    },
    {
        ""imports"": [
            ""from flask import Flask # pragma: no cover"",
            ""import typing as t # pragma: no cover""
        ],
        ""initialization"": [
            ""def create_app(script_info: t.Any) -> Flask: return Flask(__name__) # pragma: no cover"",
            ""set_debug_flag = True # pragma: no cover""
        ]
    },
    {
        ""imports"": [
            ""from typing import Any, Dict # pragma: no cover"",
            ""from flask import Flask # pragma: no cover""
        ],
        ""initialization"": [
            ""def create_app(script_info: Any) -> Flask: return Flask(__name__) # pragma: no cover"",
            ""set_debug_flag = True # pragma: no cover"",
            ""self = type('Mock', (object,), {})() # pragma: no cover""
        ]
    },
    {
        ""imports"": [
            ""from flask import Flask # pragma: no cover"",
            ""import typing as t # pragma: no cover""
        ],
        ""initialization"": [
            ""def create_app(script_info: t.Any) -> Flask: return Flask(__name__) # pragma: no cover"",
            ""set_debug_flag = True # pragma: no cover"",
            ""self = type('Mock', (object,), {})() # pragma: no cover"",
            ""self.create_app = create_app # pragma: no cover"",
            ""self.data = {} # pragma: no cover"",
            ""self.set_debug_flag = set_debug_flag # pragma: no cover"",
            ""self._loaded_app = None # pragma: no cover""
        ]
    },
    {
        ""imports"": [
            ""from flask import Flask # pragma: no cover"",
            ""import typing as t # pragma: no cover""
        ],
        ""initialization"": [
            ""def create_app(script_info: t.Any) -> Flask: return Flask(__name__) # pragma: no cover"",
            ""set_debug_flag = True # pragma: no cover""
        ]
    },
    {
        ""imports"": [
            ""from flask import Flask # pragma: no cover"",
            ""import typing as t # pragma: no cover""
        ],
        ""initialization"": [
            ""def create_app(script_info: t.Any) -> Flask: return Flask(__name__) # pragma: no cover"",
            ""set_debug_flag = True # pragma: no cover""
        ]
    },
    {
        ""imports"": [
            ""from flask import Flask # pragma: no cover"",
            ""import typing as t # pragma: no cover""
        ],
        ""initialization"": [
            ""create_app = lambda script_info: Flask(__name__) # pragma: no cover"",
            ""set_debug_flag = True # pragma: no cover""
        ]
    }
]",3,5389,0.0026945,1247,0.0018705,0.004565
"When trying to execute the code snippet with the provided imports and initialization, the lines with # uncovered are not executed.

# begin code snippet
#: Optionally the import path for the Flask application.
self.app_import_path = app_import_path # uncovered
#: Optionally a function that is passed the script info to create
#: the instance of the application.
self.create_app = create_app # uncovered
#: A dictionary with arbitrary data that can be associated with
#: this script info.
self.data: t.Dict[t.Any, t.Any] = {} # uncovered
self.set_debug_flag = set_debug_flag # uncovered
self._loaded_app: Flask | None = None # uncovered

# end code snippet

Please, provide self-contained and concrete Python modified values of the imports and initialization to execute one of the uncovered paths in the code snippet.
Respond strictly with JSON. The JSON should be compatible with the TypeScript type `Response` from the following:

```ts
interface Response {
// Python import statements needed in the initialization code. One string per import.
imports: string[];
// Python code to initialize the undefined variables and make the code snippet executable. One string per undefined variable. The statements in the code snippet above are not part of the initialization of undefined variables. Therefore, their copy or modified versions should not be added here. The values should be self-contained and concrete, i.e. without assumptions or expected replacements of any code that is not present in the code snippet. In case there are undefined attributes or methods and the attribute or method base is not initialized, initialize the attribute or method base using type(""Mock"", bases, dict), where bases is a tuple containing the base classes that the Mock object inherits from, e.g. object, and dict is a dictionary containing the initialization of the undefined attributes and methods in the code snippet.
initialization: string[];
}
```","[
    {
        ""imports"": [
            ""from flask import Flask"",
            ""import typing as t""
        ],
        ""initialization"": [
            ""app_import_path = 'my_flask_app'"",
            ""def create_app(script_info): return Flask(__name__)"",
            ""set_debug_flag = True"",
            ""self = type('MockSelf', (object,), {})()"",
            ""self.app_import_path = app_import_path"",
            ""self.create_app = create_app"",
            ""self.data = {}"",
            ""self.set_debug_flag = set_debug_flag"",
            ""self._loaded_app = None""
        ]
    },
    {
        ""imports"": [
            ""from flask import Flask"",
            ""import typing as t""
        ],
        ""initialization"": [
            ""app_import_path = 'example.app.path'"",
            ""def create_app(script_info): return Flask(__name__)"",
            ""set_debug_flag = True"",
            ""class MockSelf:"",
            ""    def __init__(self, app_import_path, create_app, set_debug_flag):"",
            ""        self.app_import_path = app_import_path"",
            ""        self.create_app = create_app"",
            ""        self.data = {}"",
            ""        self.set_debug_flag = set_debug_flag"",
            ""        self._loaded_app = None"",
            ""self = MockSelf(app_import_path, create_app, set_debug_flag)""
        ]
    },
    {
        ""imports"": [
            ""from flask import Flask"",
            ""import typing as t""
        ],
        ""initialization"": [
            ""app_import_path = 'my_flask_app'"",
            ""def create_app(script_info): return Flask(__name__)"",
            ""set_debug_flag = True"",
            ""class MockSelf:"",
            ""    app_import_path: t.Optional[str]"",
            ""    create_app: t.Optional[t.Callable[[t.Any], Flask]]"",
            ""    data: t.Dict[t.Any, t.Any]"",
            ""    set_debug_flag: bool"",
            ""    _loaded_app: t.Optional[Flask]"",
            ""    def __init__(self, app_import_path, create_app, set_debug_flag):"",
            ""        self.app_import_path = app_import_path"",
            ""        self.create_app = create_app"",
            ""        self.data = {}"",
            ""        self.set_debug_flag = set_debug_flag"",
            ""        self._loaded_app = None"",
            ""self = MockSelf(app_import_path, create_app, set_debug_flag)""
        ]
    },
    {
        ""imports"": [
            ""from flask import Flask"",
            ""import typing as t""
        ],
        ""initialization"": [
            ""app_import_path = 'my_flask_app'"",
            ""def create_app(script_info): return Flask(__name__)"",
            ""set_debug_flag = True"",
            ""class MockSelf:"",
            ""    pass"",
            ""self = MockSelf()"",
            ""self.app_import_path = app_import_path"",
            ""self.create_app = create_app"",
            ""self.data = {}""
        ]
    },
    {
        ""imports"": [
            ""from flask import Flask"",
            ""import typing as t""
        ],
        ""initialization"": [
            ""app_import_path = 'my_flask_app'"",
            ""create_app = lambda script_info: Flask(__name__)"",
            ""set_debug_flag = True"",
            ""self = type('Mock', (object,), {})()"",
            ""self.app_import_path = app_import_path""
        ]
    },
    {
        ""imports"": [
            ""from flask import Flask"",
            ""import typing as t""
        ],
        ""initialization"": [
            ""app_import_path = 'my_flask_app'"",
            ""def create_app(script_info): return Flask(__name__)"",
            ""set_debug_flag = True"",
            ""class MockSelf:"",
            ""    app_import_path: str"",
            ""    create_app: t.Callable"",
            ""    data: t.Dict[t.Any, t.Any]"",
            ""    set_debug_flag: bool"",
            ""    _loaded_app: t.Optional[Flask]"",
            ""    def __init__(self, app_import_path, create_app, set_debug_flag):"",
            ""        self.app_import_path = app_import_path"",
            ""        self.create_app = create_app"",
            ""        self.data = {}"",
            ""        self.set_debug_flag = set_debug_flag"",
            ""        self._loaded_app = None"",
            ""self = MockSelf(app_import_path, create_app, set_debug_flag)""
        ]
    },
    {
        ""imports"": [
            ""from flask import Flask"",
            ""import typing as t""
        ],
        ""initialization"": [
            ""app_import_path = 'my_flask_app'"",
            ""def create_app(script_info): return Flask(__name__)"",
            ""set_debug_flag = True"",
            ""class MockSelf:"",
            ""    def __init__(self):"",
            ""        self.app_import_path = app_import_path"",
            ""        self.create_app = create_app"",
            ""        self.data = {}"",
            ""        self.set_debug_flag = set_debug_flag"",
            ""        self._loaded_app = None"",
            ""self = MockSelf()"",
            ""self.create_app""
        ]
    },
    {
        ""imports"": [
            ""from flask import Flask"",
            ""import typing as t""
        ],
        ""initialization"": [
            ""app_import_path = 'my_flask_app'"",
            ""def create_app(script_info): return Flask(__name__)"",
            ""set_debug_flag = True"",
            ""class MockSelf:"",
            ""    app_import_path: str"",
            ""    create_app: t.Callable"",
            ""    data: t.Dict[t.Any, t.Any]"",
            ""    set_debug_flag: bool"",
            ""    _loaded_app: t.Optional[Flask]"",
            ""    def __init__(self):"",
            ""        self.app_import_path = app_import_path"",
            ""        self.create_app = create_app"",
            ""        self.data = {}"",
            ""        self.set_debug_flag = set_debug_flag"",
            ""        self._loaded_app = None"",
            ""self = MockSelf()""
        ]
    },
    {
        ""imports"": [
            ""from flask import Flask"",
            ""import typing as t""
        ],
        ""initialization"": [
            ""app_import_path = 'my_flask_app'"",
            ""def create_app(script_info): return Flask(__name__)"",
            ""set_debug_flag = True"",
            ""self = type('MockSelf', (object,), {})()"",
            ""self.app_import_path = app_import_path"",
            ""self.create_app = create_app"",
            ""self.data = {}"",
            ""self.set_debug_flag = set_debug_flag"",
            ""self._loaded_app = None""
        ]
    },
    {
        ""imports"": [
            ""from flask import Flask"",
            ""import typing as t""
        ],
        ""initialization"": [
            ""app_import_path = 'my_flask_app'"",
            ""def create_app(script_info): return Flask(__name__)"",
            ""set_debug_flag = True"",
            ""class MockSelf:"",
            ""    def __init__(self, app_import_path, create_app, set_debug_flag):"",
            ""        self.app_import_path = app_import_path"",
            ""        self.create_app = create_app"",
            ""        self.data = {}"",
            ""        self.set_debug_flag = set_debug_flag"",
            ""        self._loaded_app = None"",
            ""self = MockSelf(app_import_path, create_app, set_debug_flag)""
        ]
    }
]","[
    {
        ""imports"": [
            ""from flask import Flask # pragma: no cover"",
            ""import typing as t # pragma: no cover""
        ],
        ""initialization"": [
            ""def create_app(script_info): return Flask(__name__) # pragma: no cover"",
            ""set_debug_flag = True # pragma: no cover"",
            ""self = type('MockSelf', (object,), {})() # pragma: no cover"",
            ""self.create_app = create_app # pragma: no cover"",
            ""self.data = {} # pragma: no cover"",
            ""self.set_debug_flag = set_debug_flag # pragma: no cover"",
            ""self._loaded_app = None # pragma: no cover""
        ]
    },
    {
        ""imports"": [
            ""from flask import Flask # pragma: no cover"",
            ""import typing as t # pragma: no cover""
        ],
        ""initialization"": [
            ""def create_app(script_info): return Flask(__name__) # pragma: no cover"",
            ""set_debug_flag = True # pragma: no cover"",
            ""class MockSelf: # pragma: no cover"",
            ""        self.create_app = create_app # pragma: no cover"",
            ""        self.data = {} # pragma: no cover"",
            ""        self.set_debug_flag = set_debug_flag # pragma: no cover"",
            ""        self._loaded_app = None # pragma: no cover""
        ]
    },
    {
        ""imports"": [
            ""from flask import Flask # pragma: no cover"",
            ""import typing as t # pragma: no cover""
        ],
        ""initialization"": [
            ""def create_app(script_info): return Flask(__name__) # pragma: no cover"",
            ""set_debug_flag = True # pragma: no cover"",
            ""class MockSelf: # pragma: no cover"",
            ""    create_app: t.Optional[t.Callable[[t.Any], Flask]] # pragma: no cover"",
            ""    data: t.Dict[t.Any, t.Any] # pragma: no cover"",
            ""    set_debug_flag: bool # pragma: no cover"",
            ""    _loaded_app: t.Optional[Flask] # pragma: no cover"",
            ""        self.create_app = create_app # pragma: no cover"",
            ""        self.data = {} # pragma: no cover"",
            ""        self.set_debug_flag = set_debug_flag # pragma: no cover"",
            ""        self._loaded_app = None # pragma: no cover""
        ]
    },
    {
        ""imports"": [
            ""from flask import Flask # pragma: no cover"",
            ""import typing as t # pragma: no cover""
        ],
        ""initialization"": [
            ""def create_app(script_info): return Flask(__name__) # pragma: no cover"",
            ""set_debug_flag = True # pragma: no cover"",
            ""class MockSelf: # pragma: no cover"",
            ""    pass # pragma: no cover"",
            ""self = MockSelf() # pragma: no cover"",
            ""self.create_app = create_app # pragma: no cover"",
            ""self.data = {} # pragma: no cover""
        ]
    },
    {
        ""imports"": [
            ""from flask import Flask # pragma: no cover"",
            ""import typing as t # pragma: no cover""
        ],
        ""initialization"": [
            ""create_app = lambda script_info: Flask(__name__) # pragma: no cover"",
            ""set_debug_flag = True # pragma: no cover"",
            ""self = type('Mock', (object,), {})() # pragma: no cover""
        ]
    },
    {
        ""imports"": [
            ""from flask import Flask # pragma: no cover"",
            ""import typing as t # pragma: no cover""
        ],
        ""initialization"": [
            ""def create_app(script_info): return Flask(__name__) # pragma: no cover"",
            ""set_debug_flag = True # pragma: no cover"",
            ""class MockSelf: # pragma: no cover"",
            ""    create_app: t.Callable # pragma: no cover"",
            ""    data: t.Dict[t.Any, t.Any] # pragma: no cover"",
            ""    set_debug_flag: bool # pragma: no cover"",
            ""    _loaded_app: t.Optional[Flask] # pragma: no cover"",
            ""        self.create_app = create_app # pragma: no cover"",
            ""        self.data = {} # pragma: no cover"",
            ""        self.set_debug_flag = set_debug_flag # pragma: no cover"",
            ""        self._loaded_app = None # pragma: no cover""
        ]
    },
    {
        ""imports"": [
            ""from flask import Flask # pragma: no cover"",
            ""import typing as t # pragma: no cover""
        ],
        ""initialization"": [
            ""def create_app(script_info): return Flask(__name__) # pragma: no cover"",
            ""set_debug_flag = True # pragma: no cover"",
            ""class MockSelf: # pragma: no cover"",
            ""    def __init__(self): # pragma: no cover"",
            ""        self.create_app = create_app # pragma: no cover"",
            ""        self.data = {} # pragma: no cover"",
            ""        self.set_debug_flag = set_debug_flag # pragma: no cover"",
            ""        self._loaded_app = None # pragma: no cover"",
            ""self = MockSelf() # pragma: no cover"",
            ""self.create_app # pragma: no cover""
        ]
    },
    {
        ""imports"": [
            ""from flask import Flask # pragma: no cover"",
            ""import typing as t # pragma: no cover""
        ],
        ""initialization"": [
            ""def create_app(script_info): return Flask(__name__) # pragma: no cover"",
            ""set_debug_flag = True # pragma: no cover"",
            ""class MockSelf: # pragma: no cover"",
            ""    create_app: t.Callable # pragma: no cover"",
            ""    data: t.Dict[t.Any, t.Any] # pragma: no cover"",
            ""    set_debug_flag: bool # pragma: no cover"",
            ""    _loaded_app: t.Optional[Flask] # pragma: no cover"",
            ""    def __init__(self): # pragma: no cover"",
            ""        self.create_app = create_app # pragma: no cover"",
            ""        self.data = {} # pragma: no cover"",
            ""        self.set_debug_flag = set_debug_flag # pragma: no cover"",
            ""        self._loaded_app = None # pragma: no cover"",
            ""self = MockSelf() # pragma: no cover""
        ]
    },
    {
        ""imports"": [
            ""from flask import Flask # pragma: no cover"",
            ""import typing as t # pragma: no cover""
        ],
        ""initialization"": [
            ""def create_app(script_info): return Flask(__name__) # pragma: no cover"",
            ""set_debug_flag = True # pragma: no cover"",
            ""self = type('MockSelf', (object,), {})() # pragma: no cover"",
            ""self.create_app = create_app # pragma: no cover"",
            ""self.data = {} # pragma: no cover"",
            ""self.set_debug_flag = set_debug_flag # pragma: no cover"",
            ""self._loaded_app = None # pragma: no cover""
        ]
    },
    {
        ""imports"": [
            ""from flask import Flask # pragma: no cover"",
            ""import typing as t # pragma: no cover""
        ],
        ""initialization"": [
            ""def create_app(script_info): return Flask(__name__) # pragma: no cover"",
            ""set_debug_flag = True # pragma: no cover"",
            ""class MockSelf: # pragma: no cover"",
            ""        self.create_app = create_app # pragma: no cover"",
            ""        self.data = {} # pragma: no cover"",
            ""        self.set_debug_flag = set_debug_flag # pragma: no cover"",
            ""        self._loaded_app = None # pragma: no cover""
        ]
    }
]",3,8103,0.0040515,1608,0.002412,0.0064635
"When trying to execute the code snippet with the provided imports and initialization, the lines with # uncovered are not executed.

# begin code snippet
#: Optionally the import path for the Flask application.
self.app_import_path = app_import_path # uncovered
#: Optionally a function that is passed the script info to create
#: the instance of the application.
self.create_app = create_app # uncovered
#: A dictionary with arbitrary data that can be associated with
#: this script info.
self.data: t.Dict[t.Any, t.Any] = {} # uncovered
self.set_debug_flag = set_debug_flag # uncovered
self._loaded_app: Flask | None = None # uncovered

# end code snippet

Please, provide self-contained and concrete Python modified values of the imports and initialization to execute one of the uncovered paths in the code snippet.
Respond strictly with JSON. The JSON should be compatible with the TypeScript type `Response` from the following:

```ts
interface Response {
// Python import statements needed in the initialization code. One string per import.
imports: string[];
// Python code to initialize the undefined variables and make the code snippet executable. One string per undefined variable. The statements in the code snippet above are not part of the initialization of undefined variables. Therefore, their copy or modified versions should not be added here. The values should be self-contained and concrete, i.e. without assumptions or expected replacements of any code that is not present in the code snippet. In case there are undefined attributes or methods and the attribute or method base is not initialized, initialize the attribute or method base using type(""Mock"", bases, dict), where bases is a tuple containing the base classes that the Mock object inherits from, e.g. object, and dict is a dictionary containing the initialization of the undefined attributes and methods in the code snippet.
initialization: string[];
}
```","[
    {
        ""imports"": [
            ""from flask import Flask"",
            ""import typing as t""
        ],
        ""initialization"": [
            ""app_import_path = 'example_app_path'"",
            ""def create_app(script_info: t.Any) -> Flask: return Flask(__name__)"",
            ""set_debug_flag = True"",
            ""self = type('Mock', (object,), {'app_import_path': app_import_path, 'create_app': create_app, 'data': {}, 'set_debug_flag': set_debug_flag, '_loaded_app': None})()""
        ]
    },
    {
        ""imports"": [
            ""from flask import Flask"",
            ""import typing as t""
        ],
        ""initialization"": [
            ""app_import_path = 'example_app_path'"",
            ""def create_app(script_info: t.Any) -> Flask: return Flask(__name__)"",
            ""set_debug_flag = True"",
            ""self = type('Mock', (object,), {})()"",
            ""self.app_import_path = app_import_path""
        ]
    },
    {
        ""imports"": [
            ""from flask import Flask"",
            ""import typing as t""
        ],
        ""initialization"": [
            ""app_import_path = 'example_app_path'"",
            ""create_app = lambda script_info: Flask(__name__)"",
            ""set_debug_flag = True"",
            ""self = type('Mock', (object,), {})()"",
            ""self.app_import_path = app_import_path"",
            ""self.create_app = create_app"",
            ""self.set_debug_flag = set_debug_flag""
        ]
    },
    {
        ""imports"": [
            ""from flask import Flask"",
            ""import typing as t""
        ],
        ""initialization"": [
            ""app_import_path = 'example_app'"",
            ""create_app = lambda script_info: Flask(__name__)"",
            ""set_debug_flag = True"",
            ""self = type('Mock', (object,), {'app_import_path': app_import_path, 'create_app': create_app, 'data': {}, 'set_debug_flag': set_debug_flag, '_loaded_app': None})()"",
            ""self.app_import_path = app_import_path""
        ]
    },
    {
        ""imports"": [
            ""from flask import Flask"",
            ""import typing as t""
        ],
        ""initialization"": [
            ""app_import_path = 'example_app_path'"",
            ""def create_app(script_info: t.Any) -> Flask: return Flask(__name__)"",
            ""set_debug_flag = True"",
            ""self = type('Mock', (object,), {})()"",
            ""self.app_import_path = app_import_path"",
            ""self.create_app = create_app"",
            ""self.set_debug_flag = set_debug_flag""
        ]
    },
    {
        ""imports"": [
            ""from flask import Flask"",
            ""import typing as t""
        ],
        ""initialization"": [
            ""app_import_path = 'example_app_path'"",
            ""def create_app(script_info: t.Any) -> Flask: return Flask(__name__)"",
            ""set_debug_flag = True"",
            ""self = type('Mock', (object,), {'app_import_path': app_import_path, 'create_app': create_app, 'data': {}, 'set_debug_flag': set_debug_flag, '_loaded_app': None})()"",
            ""self.app_import_path = app_import_path""
        ]
    },
    {
        ""imports"": [
            ""from flask import Flask"",
            ""import typing as t""
        ],
        ""initialization"": [
            ""app_import_path = 'example_app_path'"",
            ""def create_app(script_info: t.Any) -> Flask: return Flask(__name__)"",
            ""set_debug_flag = True"",
            ""self = type('Mock', (object,), {})()"",
            ""self.app_import_path = app_import_path"",
            ""self.create_app = create_app"",
            ""self.data = {}""
        ]
    },
    {
        ""imports"": [
            ""from flask import Flask"",
            ""import typing as t""
        ],
        ""initialization"": [
            ""app_import_path = 'example_app_path'"",
            ""def create_app(script_info: t.Any) -> Flask: return Flask(__name__)"",
            ""set_debug_flag = True"",
            ""self = type('Mock', (object,), {})()"",
            ""self.app_import_path = app_import_path""
        ]
    },
    {
        ""imports"": [
            ""from flask import Flask"",
            ""import typing as t""
        ],
        ""initialization"": [
            ""app_import_path = 'example_app_path'"",
            ""def create_app(script_info: t.Any) -> Flask: return Flask(__name__)"",
            ""set_debug_flag = True"",
            ""self = type('Mock', (object,), {'app_import_path': app_import_path, 'create_app': create_app, 'data': {}, 'set_debug_flag': set_debug_flag, '_loaded_app': None})()""
        ]
    },
    {
        ""imports"": [
            ""from flask import Flask"",
            ""import typing as t""
        ],
        ""initialization"": [
            ""app_import_path = 'example_app_path'"",
            ""def create_app(script_info: t.Any) -> Flask: return Flask(__name__)"",
            ""set_debug_flag = True"",
            ""self = type('Mock', (object,), {'app_import_path': app_import_path, 'create_app': create_app, 'data': {}, 'set_debug_flag': set_debug_flag, '_loaded_app': None})()""
        ]
    }
]","[
    {
        ""imports"": [
            ""from flask import Flask # pragma: no cover"",
            ""import typing as t # pragma: no cover""
        ],
        ""initialization"": [
            ""def create_app(script_info: t.Any) -> Flask: return Flask(__name__) # pragma: no cover"",
            ""set_debug_flag = True # pragma: no cover""
        ]
    },
    {
        ""imports"": [
            ""from flask import Flask # pragma: no cover"",
            ""import typing as t # pragma: no cover""
        ],
        ""initialization"": [
            ""def create_app(script_info: t.Any) -> Flask: return Flask(__name__) # pragma: no cover"",
            ""set_debug_flag = True # pragma: no cover"",
            ""self = type('Mock', (object,), {})() # pragma: no cover""
        ]
    },
    {
        ""imports"": [
            ""from flask import Flask # pragma: no cover"",
            ""import typing as t # pragma: no cover""
        ],
        ""initialization"": [
            ""create_app = lambda script_info: Flask(__name__) # pragma: no cover"",
            ""set_debug_flag = True # pragma: no cover"",
            ""self = type('Mock', (object,), {})() # pragma: no cover"",
            ""self.create_app = create_app # pragma: no cover"",
            ""self.set_debug_flag = set_debug_flag # pragma: no cover""
        ]
    },
    {
        ""imports"": [
            ""from flask import Flask # pragma: no cover"",
            ""import typing as t # pragma: no cover""
        ],
        ""initialization"": [
            ""create_app = lambda script_info: Flask(__name__) # pragma: no cover"",
            ""set_debug_flag = True # pragma: no cover""
        ]
    },
    {
        ""imports"": [
            ""from flask import Flask # pragma: no cover"",
            ""import typing as t # pragma: no cover""
        ],
        ""initialization"": [
            ""def create_app(script_info: t.Any) -> Flask: return Flask(__name__) # pragma: no cover"",
            ""set_debug_flag = True # pragma: no cover"",
            ""self = type('Mock', (object,), {})() # pragma: no cover"",
            ""self.create_app = create_app # pragma: no cover"",
            ""self.set_debug_flag = set_debug_flag # pragma: no cover""
        ]
    },
    {
        ""imports"": [
            ""from flask import Flask # pragma: no cover"",
            ""import typing as t # pragma: no cover""
        ],
        ""initialization"": [
            ""def create_app(script_info: t.Any) -> Flask: return Flask(__name__) # pragma: no cover"",
            ""set_debug_flag = True # pragma: no cover""
        ]
    },
    {
        ""imports"": [
            ""from flask import Flask # pragma: no cover"",
            ""import typing as t # pragma: no cover""
        ],
        ""initialization"": [
            ""def create_app(script_info: t.Any) -> Flask: return Flask(__name__) # pragma: no cover"",
            ""set_debug_flag = True # pragma: no cover"",
            ""self = type('Mock', (object,), {})() # pragma: no cover"",
            ""self.create_app = create_app # pragma: no cover"",
            ""self.data = {} # pragma: no cover""
        ]
    },
    {
        ""imports"": [
            ""from flask import Flask # pragma: no cover"",
            ""import typing as t # pragma: no cover""
        ],
        ""initialization"": [
            ""def create_app(script_info: t.Any) -> Flask: return Flask(__name__) # pragma: no cover"",
            ""set_debug_flag = True # pragma: no cover"",
            ""self = type('Mock', (object,), {})() # pragma: no cover""
        ]
    },
    {
        ""imports"": [
            ""from flask import Flask # pragma: no cover"",
            ""import typing as t # pragma: no cover""
        ],
        ""initialization"": [
            ""def create_app(script_info: t.Any) -> Flask: return Flask(__name__) # pragma: no cover"",
            ""set_debug_flag = True # pragma: no cover""
        ]
    },
    {
        ""imports"": [
            ""from flask import Flask # pragma: no cover"",
            ""import typing as t # pragma: no cover""
        ],
        ""initialization"": [
            ""def create_app(script_info: t.Any) -> Flask: return Flask(__name__) # pragma: no cover"",
            ""set_debug_flag = True # pragma: no cover""
        ]
    }
]",3,7016,0.003508,1180,0.00177,0.005278
"When trying to execute the code snippet with the provided imports and initialization, the lines with # uncovered are not executed.

# begin code snippet
#: Optionally the import path for the Flask application.
self.app_import_path = app_import_path # uncovered
#: Optionally a function that is passed the script info to create
#: the instance of the application.
self.create_app = create_app # uncovered
#: A dictionary with arbitrary data that can be associated with
#: this script info.
self.data: t.Dict[t.Any, t.Any] = {} # uncovered
self.set_debug_flag = set_debug_flag # uncovered
self._loaded_app: Flask | None = None # uncovered

# end code snippet

Please, provide self-contained and concrete Python modified values of the imports and initialization to execute one of the uncovered paths in the code snippet.
Respond strictly with JSON. The JSON should be compatible with the TypeScript type `Response` from the following:

```ts
interface Response {
// Python import statements needed in the initialization code. One string per import.
imports: string[];
// Python code to initialize the undefined variables and make the code snippet executable. One string per undefined variable. The statements in the code snippet above are not part of the initialization of undefined variables. Therefore, their copy or modified versions should not be added here. The values should be self-contained and concrete, i.e. without assumptions or expected replacements of any code that is not present in the code snippet. In case there are undefined attributes or methods and the attribute or method base is not initialized, initialize the attribute or method base using type(""Mock"", bases, dict), where bases is a tuple containing the base classes that the Mock object inherits from, e.g. object, and dict is a dictionary containing the initialization of the undefined attributes and methods in the code snippet.
initialization: string[];
}
```","[
    {
        ""imports"": [
            ""from flask import Flask"",
            ""import typing as t""
        ],
        ""initialization"": [
            ""app_import_path = 'example.app.path'"",
            ""def create_app(script_info): return Flask(__name__)"",
            ""set_debug_flag = True"",
            ""class MockSelf:"",
            "" def __init__(self):"",
            ""  self.app_import_path = app_import_path"",
            ""  self.create_app = create_app"",
            ""  self.data = {}"",
            ""  self.set_debug_flag = set_debug_flag"",
            ""  self._loaded_app = None"",
            ""self = MockSelf()"",
            ""result = self.app_import_path""
        ]
    },
    {
        ""imports"": [
            ""from flask import Flask"",
            ""import typing as t""
        ],
        ""initialization"": [
            ""app_import_path = 'my_flask_app'"",
            ""def create_app(script_info): return Flask(__name__)"",
            ""set_debug_flag = True"",
            ""class MockSelf:"",
            ""    app_import_path: t.Optional[str]"",
            ""    create_app: t.Optional[t.Callable[[t.Any], Flask]]"",
            ""    data: t.Dict[t.Any, t.Any]"",
            ""    set_debug_flag: bool"",
            ""    _loaded_app: t.Optional[Flask]"",
            ""    def __init__(self, app_import_path, create_app, set_debug_flag):"",
            ""        self.app_import_path = app_import_path"",
            ""        self.create_app = create_app"",
            ""        self.data = {}"",
            ""        self.set_debug_flag = set_debug_flag"",
            ""        self._loaded_app = None"",
            ""self = MockSelf(app_import_path, create_app, set_debug_flag)""
        ]
    },
    {
        ""imports"": [
            ""from flask import Flask"",
            ""import typing as t""
        ],
        ""initialization"": [
            ""app_import_path = 'example_app_path'"",
            ""def create_app(script_info): return Flask(__name__)"",
            ""set_debug_flag = True"",
            ""class MockSelf:"",
            ""    def __init__(self, app_import_path, create_app, set_debug_flag):"",
            ""        self.app_import_path = app_import_path"",
            ""        self.create_app = create_app"",
            ""        self.data = {}"",
            ""        self.set_debug_flag = set_debug_flag"",
            ""        self._loaded_app = None"",
            ""self = MockSelf(app_import_path, create_app, set_debug_flag)"",
            ""self.create_app""
        ]
    },
    {
        ""imports"": [
            ""from flask import Flask"",
            ""import typing as t""
        ],
        ""initialization"": [
            ""app_import_path = 'my_flask_app'"",
            ""def create_app(script_info): return Flask(__name__)"",
            ""set_debug_flag = True"",
            ""class Mock:"",
            ""    def __init__(self):"",
            ""        self.app_import_path = app_import_path"",
            ""        self.create_app = create_app"",
            ""        self.data = {}"",
            ""        self.set_debug_flag = set_debug_flag"",
            ""        self._loaded_app = None"",
            ""self = Mock()"",
            ""self.app_import_path""
        ]
    },
    {
        ""imports"": [
            ""from flask import Flask"",
            ""import typing as t""
        ],
        ""initialization"": [
            ""app_import_path = 'my_flask_app'"",
            ""def create_app(script_info): return Flask(__name__)"",
            ""set_debug_flag = True"",
            ""class MockSelf:"",
            ""    def __init__(self):"",
            ""        self.app_import_path = app_import_path"",
            ""        self.create_app = create_app"",
            ""        self.data = {}"",
            ""        self.set_debug_flag = set_debug_flag"",
            ""        self._loaded_app = None"",
            ""self = MockSelf()"",
            ""self.create_app""
        ]
    },
    {
        ""imports"": [
            ""from flask import Flask"",
            ""import typing as t""
        ],
        ""initialization"": [
            ""app_import_path = 'example.app.path'"",
            ""def create_app(script_info): return Flask(__name__)"",
            ""set_debug_flag = True"",
            ""class MockSelf:"",
            ""    app_import_path: t.Optional[str]"",
            ""    create_app: t.Optional[t.Callable[[t.Any], Flask]]"",
            ""    data: t.Dict[t.Any, t.Any]"",
            ""    set_debug_flag: bool"",
            ""    _loaded_app: t.Optional[Flask]"",
            ""    def __init__(self, app_import_path, create_app, set_debug_flag):"",
            ""        self.app_import_path = app_import_path"",
            ""        self.create_app = create_app"",
            ""        self.data = {}"",
            ""        self.set_debug_flag = set_debug_flag"",
            ""        self._loaded_app = None"",
            ""self = MockSelf(app_import_path, create_app, set_debug_flag)"",
            ""self.create_app""
        ]
    },
    {
        ""imports"": [
            ""from flask import Flask"",
            ""import typing as t""
        ],
        ""initialization"": [
            ""app_import_path = 'my_flask_app'"",
            ""def create_app(script_info): return Flask(__name__)"",
            ""set_debug_flag = True"",
            ""class MockSelf(object):"",
            ""    def __init__(self, app_import_path, create_app, set_debug_flag):"",
            ""        self.app_import_path = app_import_path"",
            ""        self.create_app = create_app"",
            ""        self.data = {}"",
            ""        self.set_debug_flag = set_debug_flag"",
            ""        self._loaded_app = None"",
            ""self = MockSelf(app_import_path, create_app, set_debug_flag)""
        ]
    },
    {
        ""imports"": [
            ""from flask import Flask"",
            ""import typing as t""
        ],
        ""initialization"": [
            ""app_import_path = 'my_flask_app'"",
            ""def create_app(script_info): return Flask(__name__)"",
            ""set_debug_flag = True"",
            ""class MockSelf:"",
            ""    app_import_path: str"",
            ""    create_app: t.Callable"",
            ""    data: t.Dict[t.Any, t.Any]"",
            ""    set_debug_flag: bool"",
            ""    _loaded_app: t.Optional[Flask]"",
            ""self = MockSelf()"",
            ""self.app_import_path = app_import_path"",
            ""self.create_app = create_app"",
            ""self.data = {}"",
            ""self.set_debug_flag = set_debug_flag"",
            ""self._loaded_app = None"",
            ""self.create_app""
        ]
    },
    {
        ""imports"": [
            ""from flask import Flask"",
            ""import typing as t""
        ],
        ""initialization"": [
            ""app_import_path = 'my_flask_app'"",
            ""def create_app(script_info): return Flask(__name__)"",
            ""set_debug_flag = True"",
            ""class Mock:"",
            ""    def __init__(self, app_import_path, create_app, set_debug_flag):"",
            ""        self.app_import_path = app_import_path"",
            ""        self.create_app = create_app"",
            ""        self.data = {}"",
            ""        self.set_debug_flag = set_debug_flag"",
            ""        self._loaded_app = None"",
            ""        self.create_app  # Ensuring at least one uncovered path is executed"",
            ""self = Mock(app_import_path, create_app, set_debug_flag)""
        ]
    },
    {
        ""imports"": [
            ""from flask import Flask"",
            ""import typing as t""
        ],
        ""initialization"": [
            ""app_import_path = 'my_flask_app'"",
            ""def create_app(script_info): return Flask(__name__)"",
            ""set_debug_flag = True"",
            ""class MockSelf:"",
            ""    def __init__(self):"",
            ""        self.app_import_path = app_import_path"",
            ""        self.create_app = create_app"",
            ""        self.data = {}"",
            ""        self.set_debug_flag = set_debug_flag"",
            ""        self._loaded_app = None"",
            ""self = MockSelf()"",
            ""self.app_import_path""
        ]
    }
]","[
    {
        ""imports"": [
            ""from flask import Flask # pragma: no cover"",
            ""import typing as t # pragma: no cover""
        ],
        ""initialization"": [
            ""def create_app(script_info): return Flask(__name__) # pragma: no cover"",
            ""set_debug_flag = True # pragma: no cover"",
            ""class MockSelf: # pragma: no cover"",
            "" def __init__(self): # pragma: no cover"",
            ""  self.create_app = create_app # pragma: no cover"",
            ""  self.data = {} # pragma: no cover"",
            ""  self.set_debug_flag = set_debug_flag # pragma: no cover"",
            ""  self._loaded_app = None # pragma: no cover"",
            ""self = MockSelf() # pragma: no cover""
        ]
    },
    {
        ""imports"": [
            ""from flask import Flask # pragma: no cover"",
            ""import typing as t # pragma: no cover""
        ],
        ""initialization"": [
            ""def create_app(script_info): return Flask(__name__) # pragma: no cover"",
            ""set_debug_flag = True # pragma: no cover"",
            ""class MockSelf: # pragma: no cover"",
            ""    create_app: t.Optional[t.Callable[[t.Any], Flask]] # pragma: no cover"",
            ""    data: t.Dict[t.Any, t.Any] # pragma: no cover"",
            ""    set_debug_flag: bool # pragma: no cover"",
            ""    _loaded_app: t.Optional[Flask] # pragma: no cover"",
            ""        self.create_app = create_app # pragma: no cover"",
            ""        self.data = {} # pragma: no cover"",
            ""        self.set_debug_flag = set_debug_flag # pragma: no cover"",
            ""        self._loaded_app = None # pragma: no cover""
        ]
    },
    {
        ""imports"": [
            ""from flask import Flask # pragma: no cover"",
            ""import typing as t # pragma: no cover""
        ],
        ""initialization"": [
            ""def create_app(script_info): return Flask(__name__) # pragma: no cover"",
            ""set_debug_flag = True # pragma: no cover"",
            ""class MockSelf: # pragma: no cover"",
            ""        self.create_app = create_app # pragma: no cover"",
            ""        self.data = {} # pragma: no cover"",
            ""        self.set_debug_flag = set_debug_flag # pragma: no cover"",
            ""        self._loaded_app = None # pragma: no cover"",
            ""self.create_app # pragma: no cover""
        ]
    },
    {
        ""imports"": [
            ""from flask import Flask # pragma: no cover"",
            ""import typing as t # pragma: no cover""
        ],
        ""initialization"": [
            ""def create_app(script_info): return Flask(__name__) # pragma: no cover"",
            ""set_debug_flag = True # pragma: no cover"",
            ""class Mock: # pragma: no cover"",
            ""    def __init__(self): # pragma: no cover"",
            ""        self.create_app = create_app # pragma: no cover"",
            ""        self.data = {} # pragma: no cover"",
            ""        self.set_debug_flag = set_debug_flag # pragma: no cover"",
            ""        self._loaded_app = None # pragma: no cover"",
            ""self = Mock() # pragma: no cover""
        ]
    },
    {
        ""imports"": [
            ""from flask import Flask # pragma: no cover"",
            ""import typing as t # pragma: no cover""
        ],
        ""initialization"": [
            ""def create_app(script_info): return Flask(__name__) # pragma: no cover"",
            ""set_debug_flag = True # pragma: no cover"",
            ""class MockSelf: # pragma: no cover"",
            ""    def __init__(self): # pragma: no cover"",
            ""        self.create_app = create_app # pragma: no cover"",
            ""        self.data = {} # pragma: no cover"",
            ""        self.set_debug_flag = set_debug_flag # pragma: no cover"",
            ""        self._loaded_app = None # pragma: no cover"",
            ""self = MockSelf() # pragma: no cover"",
            ""self.create_app # pragma: no cover""
        ]
    },
    {
        ""imports"": [
            ""from flask import Flask # pragma: no cover"",
            ""import typing as t # pragma: no cover""
        ],
        ""initialization"": [
            ""def create_app(script_info): return Flask(__name__) # pragma: no cover"",
            ""set_debug_flag = True # pragma: no cover"",
            ""class MockSelf: # pragma: no cover"",
            ""    create_app: t.Optional[t.Callable[[t.Any], Flask]] # pragma: no cover"",
            ""    data: t.Dict[t.Any, t.Any] # pragma: no cover"",
            ""    set_debug_flag: bool # pragma: no cover"",
            ""    _loaded_app: t.Optional[Flask] # pragma: no cover"",
            ""        self.create_app = create_app # pragma: no cover"",
            ""        self.data = {} # pragma: no cover"",
            ""        self.set_debug_flag = set_debug_flag # pragma: no cover"",
            ""        self._loaded_app = None # pragma: no cover"",
            ""self.create_app # pragma: no cover""
        ]
    },
    {
        ""imports"": [
            ""from flask import Flask # pragma: no cover"",
            ""import typing as t # pragma: no cover""
        ],
        ""initialization"": [
            ""def create_app(script_info): return Flask(__name__) # pragma: no cover"",
            ""set_debug_flag = True # pragma: no cover"",
            ""class MockSelf(object): # pragma: no cover"",
            ""        self.create_app = create_app # pragma: no cover"",
            ""        self.data = {} # pragma: no cover"",
            ""        self.set_debug_flag = set_debug_flag # pragma: no cover"",
            ""        self._loaded_app = None # pragma: no cover""
        ]
    },
    {
        ""imports"": [
            ""from flask import Flask # pragma: no cover"",
            ""import typing as t # pragma: no cover""
        ],
        ""initialization"": [
            ""def create_app(script_info): return Flask(__name__) # pragma: no cover"",
            ""set_debug_flag = True # pragma: no cover"",
            ""class MockSelf: # pragma: no cover"",
            ""    create_app: t.Callable # pragma: no cover"",
            ""    data: t.Dict[t.Any, t.Any] # pragma: no cover"",
            ""    set_debug_flag: bool # pragma: no cover"",
            ""    _loaded_app: t.Optional[Flask] # pragma: no cover"",
            ""self = MockSelf() # pragma: no cover"",
            ""self.create_app = create_app # pragma: no cover"",
            ""self.data = {} # pragma: no cover"",
            ""self.set_debug_flag = set_debug_flag # pragma: no cover"",
            ""self._loaded_app = None # pragma: no cover"",
            ""self.create_app # pragma: no cover""
        ]
    },
    {
        ""imports"": [
            ""from flask import Flask # pragma: no cover"",
            ""import typing as t # pragma: no cover""
        ],
        ""initialization"": [
            ""def create_app(script_info): return Flask(__name__) # pragma: no cover"",
            ""set_debug_flag = True # pragma: no cover"",
            ""class Mock: # pragma: no cover"",
            ""        self.create_app = create_app # pragma: no cover"",
            ""        self.data = {} # pragma: no cover"",
            ""        self.set_debug_flag = set_debug_flag # pragma: no cover"",
            ""        self._loaded_app = None # pragma: no cover"",
            ""        self.create_app  # Ensuring at least one uncovered path is executed # pragma: no cover""
        ]
    },
    {
        ""imports"": [
            ""from flask import Flask # pragma: no cover"",
            ""import typing as t # pragma: no cover""
        ],
        ""initialization"": [
            ""def create_app(script_info): return Flask(__name__) # pragma: no cover"",
            ""set_debug_flag = True # pragma: no cover"",
            ""class MockSelf: # pragma: no cover"",
            ""    def __init__(self): # pragma: no cover"",
            ""        self.create_app = create_app # pragma: no cover"",
            ""        self.data = {} # pragma: no cover"",
            ""        self.set_debug_flag = set_debug_flag # pragma: no cover"",
            ""        self._loaded_app = None # pragma: no cover"",
            ""self = MockSelf() # pragma: no cover""
        ]
    }
]",3,10091,0.0050455,1786,0.002679,0.0077245
"When trying to execute the code snippet with the provided imports and initialization, the lines with # uncovered are not executed.

# begin code snippet
#: Optionally the import path for the Flask application.
self.app_import_path = app_import_path # uncovered
#: Optionally a function that is passed the script info to create
#: the instance of the application.
self.create_app = create_app # uncovered
#: A dictionary with arbitrary data that can be associated with
#: this script info.
self.data: t.Dict[t.Any, t.Any] = {} # uncovered
self.set_debug_flag = set_debug_flag # uncovered
self._loaded_app: Flask | None = None # uncovered

# end code snippet

Please, provide self-contained and concrete Python modified values of the imports and initialization to execute one of the uncovered paths in the code snippet.
Respond strictly with JSON. The JSON should be compatible with the TypeScript type `Response` from the following:

```ts
interface Response {
// Python import statements needed in the initialization code. One string per import.
imports: string[];
// Python code to initialize the undefined variables and make the code snippet executable. One string per undefined variable. The statements in the code snippet above are not part of the initialization of undefined variables. Therefore, their copy or modified versions should not be added here. The values should be self-contained and concrete, i.e. without assumptions or expected replacements of any code that is not present in the code snippet. In case there are undefined attributes or methods and the attribute or method base is not initialized, initialize the attribute or method base using type(""Mock"", bases, dict), where bases is a tuple containing the base classes that the Mock object inherits from, e.g. object, and dict is a dictionary containing the initialization of the undefined attributes and methods in the code snippet.
initialization: string[];
}
```","[
    {
        ""imports"": [
            ""from flask import Flask"",
            ""import typing as t""
        ],
        ""initialization"": [
            ""app_import_path = 'example_app_path'"",
            ""def create_app(script_info: t.Any) -> Flask: return Flask(__name__)"",
            ""set_debug_flag = True"",
            ""self = type('Mock', (object,), {})()"",
            ""self.app_import_path = app_import_path""
        ]
    },
    {
        ""imports"": [
            ""from flask import Flask"",
            ""import typing as t""
        ],
        ""initialization"": [
            ""app_import_path = 'example_app'"",
            ""def create_app(script_info: t.Any) -> Flask: return Flask(__name__)"",
            ""set_debug_flag = True"",
            ""self = type('Mock', (object,), {})()"",
            ""self.app_import_path = app_import_path"",
            ""self.create_app = create_app""
        ]
    },
    {
        ""imports"": [
            ""from flask import Flask"",
            ""import typing as t""
        ],
        ""initialization"": [
            ""app_import_path = 'example_app_path'"",
            ""def create_app(script_info: t.Any) -> Flask: return Flask(__name__)"",
            ""set_debug_flag = True"",
            ""self = type('Mock', (object,), {'app_import_path': app_import_path, 'create_app': create_app, 'data': {}, 'set_debug_flag': set_debug_flag, '_loaded_app': None})()"",
            ""assert self.app_import_path == app_import_path""
        ]
    },
    {
        ""imports"": [
            ""import typing as t"",
            ""from flask import Flask""
        ],
        ""initialization"": [
            ""app_import_path = 'example_app_path'"",
            ""def create_app(script_info: t.Any) -> Flask: return Flask(__name__)"",
            ""set_debug_flag = True"",
            ""self = type('Mock', (object,), {})()"",
            ""self.app_import_path = app_import_path""
        ]
    },
    {
        ""imports"": [
            ""from flask import Flask"",
            ""import typing as t""
        ],
        ""initialization"": [
            ""app_import_path = 'example_app_path'"",
            ""def create_app(script_info: t.Any) -> Flask: return Flask(__name__)"",
            ""set_debug_flag = True"",
            ""Mock = type('Mock', (object,), {})"",
            ""self = Mock()"",
            ""self.app_import_path = app_import_path""
        ]
    },
    {
        ""imports"": [
            ""from flask import Flask"",
            ""import typing as t""
        ],
        ""initialization"": [
            ""app_import_path = 'example_app_path'"",
            ""create_app = lambda script_info: Flask(__name__)"",
            ""set_debug_flag = True"",
            ""Mock = type('Mock', (object,), {})"",
            ""self = Mock()"",
            ""self.app_import_path = app_import_path"",
            ""self.create_app = create_app"",
            ""self.data = {}"",
            ""self.set_debug_flag = set_debug_flag""
        ]
    },
    {
        ""imports"": [
            ""from flask import Flask"",
            ""import typing as t""
        ],
        ""initialization"": [
            ""app_import_path = 'example_app_path'"",
            ""def create_app(script_info: t.Any) -> Flask: return Flask(__name__)"",
            ""set_debug_flag = True"",
            ""self = type('Mock', (object,), {'app_import_path': app_import_path, 'create_app': create_app, 'data': {}, 'set_debug_flag': set_debug_flag, '_loaded_app': None})()""
        ]
    },
    {
        ""imports"": [
            ""from flask import Flask"",
            ""import typing as t""
        ],
        ""initialization"": [
            ""app_import_path = 'example_app_path'"",
            ""def create_app(script_info: t.Any) -> Flask: return Flask(__name__)"",
            ""set_debug_flag = True"",
            ""self = type('Mock', (object,), {'app_import_path': app_import_path, 'create_app': create_app, 'data': {}, 'set_debug_flag': set_debug_flag, '_loaded_app': None})()""
        ]
    },
    {
        ""imports"": [
            ""from flask import Flask"",
            ""import typing as t""
        ],
        ""initialization"": [
            ""app_import_path = 'example_app_path'"",
            ""def create_app(script_info: t.Any) -> Flask: return Flask(__name__)"",
            ""set_debug_flag = True"",
            ""self = type('Mock', (object,), {'app_import_path': app_import_path, 'create_app': create_app, 'data': {}, 'set_debug_flag': set_debug_flag, '_loaded_app': None})()""
        ]
    },
    {
        ""imports"": [
            ""from flask import Flask"",
            ""import typing as t""
        ],
        ""initialization"": [
            ""app_import_path = 'example_app_path'"",
            ""def create_app(script_info: t.Any) -> Flask: return Flask(__name__)"",
            ""set_debug_flag = True"",
            ""self = type('Mock', (object,), {'app_import_path': app_import_path, 'create_app': create_app, 'data': {}, 'set_debug_flag': set_debug_flag, '_loaded_app': None})()"",
            ""self.app_import_path = app_import_path""
        ]
    }
]","[
    {
        ""imports"": [
            ""from flask import Flask # pragma: no cover"",
            ""import typing as t # pragma: no cover""
        ],
        ""initialization"": [
            ""def create_app(script_info: t.Any) -> Flask: return Flask(__name__) # pragma: no cover"",
            ""set_debug_flag = True # pragma: no cover"",
            ""self = type('Mock', (object,), {})() # pragma: no cover""
        ]
    },
    {
        ""imports"": [
            ""from flask import Flask # pragma: no cover"",
            ""import typing as t # pragma: no cover""
        ],
        ""initialization"": [
            ""def create_app(script_info: t.Any) -> Flask: return Flask(__name__) # pragma: no cover"",
            ""set_debug_flag = True # pragma: no cover"",
            ""self = type('Mock', (object,), {})() # pragma: no cover"",
            ""self.create_app = create_app # pragma: no cover""
        ]
    },
    {
        ""imports"": [
            ""from flask import Flask # pragma: no cover"",
            ""import typing as t # pragma: no cover""
        ],
        ""initialization"": [
            ""def create_app(script_info: t.Any) -> Flask: return Flask(__name__) # pragma: no cover"",
            ""set_debug_flag = True # pragma: no cover""
        ]
    },
    {
        ""imports"": [
            ""import typing as t # pragma: no cover"",
            ""from flask import Flask # pragma: no cover""
        ],
        ""initialization"": [
            ""def create_app(script_info: t.Any) -> Flask: return Flask(__name__) # pragma: no cover"",
            ""set_debug_flag = True # pragma: no cover"",
            ""self = type('Mock', (object,), {})() # pragma: no cover""
        ]
    },
    {
        ""imports"": [
            ""from flask import Flask # pragma: no cover"",
            ""import typing as t # pragma: no cover""
        ],
        ""initialization"": [
            ""def create_app(script_info: t.Any) -> Flask: return Flask(__name__) # pragma: no cover"",
            ""set_debug_flag = True # pragma: no cover"",
            ""Mock = type('Mock', (object,), {}) # pragma: no cover"",
            ""self = Mock() # pragma: no cover""
        ]
    },
    {
        ""imports"": [
            ""from flask import Flask # pragma: no cover"",
            ""import typing as t # pragma: no cover""
        ],
        ""initialization"": [
            ""create_app = lambda script_info: Flask(__name__) # pragma: no cover"",
            ""set_debug_flag = True # pragma: no cover"",
            ""Mock = type('Mock', (object,), {}) # pragma: no cover"",
            ""self = Mock() # pragma: no cover"",
            ""self.create_app = create_app # pragma: no cover"",
            ""self.data = {} # pragma: no cover"",
            ""self.set_debug_flag = set_debug_flag # pragma: no cover""
        ]
    },
    {
        ""imports"": [
            ""from flask import Flask # pragma: no cover"",
            ""import typing as t # pragma: no cover""
        ],
        ""initialization"": [
            ""def create_app(script_info: t.Any) -> Flask: return Flask(__name__) # pragma: no cover"",
            ""set_debug_flag = True # pragma: no cover""
        ]
    },
    {
        ""imports"": [
            ""from flask import Flask # pragma: no cover"",
            ""import typing as t # pragma: no cover""
        ],
        ""initialization"": [
            ""def create_app(script_info: t.Any) -> Flask: return Flask(__name__) # pragma: no cover"",
            ""set_debug_flag = True # pragma: no cover""
        ]
    },
    {
        ""imports"": [
            ""from flask import Flask # pragma: no cover"",
            ""import typing as t # pragma: no cover""
        ],
        ""initialization"": [
            ""def create_app(script_info: t.Any) -> Flask: return Flask(__name__) # pragma: no cover"",
            ""set_debug_flag = True # pragma: no cover""
        ]
    },
    {
        ""imports"": [
            ""from flask import Flask # pragma: no cover"",
            ""import typing as t # pragma: no cover""
        ],
        ""initialization"": [
            ""def create_app(script_info: t.Any) -> Flask: return Flask(__name__) # pragma: no cover"",
            ""set_debug_flag = True # pragma: no cover""
        ]
    }
]",3,8576,0.004288,1179,0.0017685,0.0060565
"When trying to execute the code snippet with the provided imports and initialization, the lines with # uncovered are not executed.

# begin code snippet
#: Optionally the import path for the Flask application.
self.app_import_path = app_import_path # uncovered
#: Optionally a function that is passed the script info to create
#: the instance of the application.
self.create_app = create_app # uncovered
#: A dictionary with arbitrary data that can be associated with
#: this script info.
self.data: t.Dict[t.Any, t.Any] = {} # uncovered
self.set_debug_flag = set_debug_flag # uncovered
self._loaded_app: Flask | None = None # uncovered

# end code snippet

Please, provide self-contained and concrete Python modified values of the imports and initialization to execute one of the uncovered paths in the code snippet.
Respond strictly with JSON. The JSON should be compatible with the TypeScript type `Response` from the following:

```ts
interface Response {
// Python import statements needed in the initialization code. One string per import.
imports: string[];
// Python code to initialize the undefined variables and make the code snippet executable. One string per undefined variable. The statements in the code snippet above are not part of the initialization of undefined variables. Therefore, their copy or modified versions should not be added here. The values should be self-contained and concrete, i.e. without assumptions or expected replacements of any code that is not present in the code snippet. In case there are undefined attributes or methods and the attribute or method base is not initialized, initialize the attribute or method base using type(""Mock"", bases, dict), where bases is a tuple containing the base classes that the Mock object inherits from, e.g. object, and dict is a dictionary containing the initialization of the undefined attributes and methods in the code snippet.
initialization: string[];
}
```","[
    {
        ""imports"": [
            ""from flask import Flask"",
            ""import typing as t""
        ],
        ""initialization"": [
            ""app_import_path = 'example_app_path'"",
            ""def create_app(script_info: t.Any) -> Flask: return Flask(__name__)"",
            ""set_debug_flag = True"",
            ""self = type('Mock', (object,), {'app_import_path': app_import_path, 'create_app': create_app, 'data': {}, 'set_debug_flag': set_debug_flag, '_loaded_app': None})()"",
            ""self.create_app = create_app""
        ]
    },
    {
        ""imports"": [
            ""from flask import Flask"",
            ""import typing as t""
        ],
        ""initialization"": [
            ""app_import_path = 'example_app_path'"",
            ""def create_app(script_info: t.Any) -> Flask: return Flask(__name__)"",
            ""set_debug_flag = True"",
            ""Mock = type('Mock', (object,), {})"",
            ""self = Mock()"",
            ""self.app_import_path = app_import_path"",
            ""self.create_app = create_app"",
            ""self.data = {}"",
            ""self.set_debug_flag = set_debug_flag"",
            ""self._loaded_app = None""
        ]
    },
    {
        ""imports"": [
            ""from flask import Flask"",
            ""import typing as t""
        ],
        ""initialization"": [
            ""app_import_path = 'example_app_path'"",
            ""def create_app(script_info: t.Any) -> Flask: return Flask(__name__)"",
            ""set_debug_flag = True"",
            ""class Mock(object): pass"",
            ""self = Mock()"",
            ""self.app_import_path = app_import_path""
        ]
    },
    {
        ""imports"": [
            ""from flask import Flask"",
            ""import typing as t""
        ],
        ""initialization"": [
            ""app_import_path = 'example_app_path'"",
            ""def create_app(script_info: t.Any) -> Flask: return Flask(__name__)"",
            ""set_debug_flag = True"",
            ""Mock = type('Mock', (object,), {})"",
            ""self = Mock()"",
            ""self.app_import_path = app_import_path"",
            ""self.create_app = create_app"",
            ""self.set_debug_flag = set_debug_flag""
        ]
    },
    {
        ""imports"": [
            ""from flask import Flask"",
            ""import typing as t""
        ],
        ""initialization"": [
            ""app_import_path = 'example_app_path'"",
            ""create_app = lambda script_info: Flask(__name__)"",
            ""set_debug_flag = True"",
            ""Mock = type('Mock', (object,), {'app_import_path': app_import_path, 'create_app': create_app, 'data': {}, 'set_debug_flag': set_debug_flag, '_loaded_app': None})"",
            ""self = Mock()"",
            ""assert self.app_import_path == app_import_path""
        ]
    },
    {
        ""imports"": [
            ""from flask import Flask"",
            ""import typing as t""
        ],
        ""initialization"": [
            ""app_import_path = 'example_app_path'"",
            ""def create_app(script_info: t.Any) -> Flask: return Flask(__name__)"",
            ""set_debug_flag = True"",
            ""class Mock(object):\n    pass\nself = Mock()"",
            ""self.app_import_path = app_import_path""
        ]
    },
    {
        ""imports"": [
            ""from flask import Flask"",
            ""import typing as t""
        ],
        ""initialization"": [
            ""app_import_path = 'example_app_path'"",
            ""def create_app(script_info): return Flask(__name__)"",
            ""set_debug_flag = True"",
            ""self = type('Mock', (object,), {'app_import_path': app_import_path, 'create_app': create_app, 'data': {}, 'set_debug_flag': set_debug_flag, '_loaded_app': None})()""
        ]
    },
    {
        ""imports"": [
            ""from flask import Flask"",
            ""import typing as t""
        ],
        ""initialization"": [
            ""app_import_path = 'example_app_path'"",
            ""def create_app(script_info: t.Any) -> Flask: return Flask(__name__)"",
            ""set_debug_flag = True"",
            ""self = type('Mock', (object,), {'app_import_path': app_import_path, 'create_app': create_app, 'data': {}, 'set_debug_flag': set_debug_flag, '_loaded_app': None})()"",
            ""self.app_import_path = app_import_path"",
            ""self.create_app = create_app""
        ]
    },
    {
        ""imports"": [
            ""from flask import Flask"",
            ""import typing as t""
        ],
        ""initialization"": [
            ""app_import_path = 'example_app_path'"",
            ""def create_app(script_info: t.Any) -> Flask: return Flask(__name__)"",
            ""set_debug_flag = True"",
            ""self = type('Mock', (object,), {'app_import_path': app_import_path, 'create_app': create_app, 'data': {}, 'set_debug_flag': set_debug_flag, '_loaded_app': None})()"",
            ""self.create_app = create_app""
        ]
    },
    {
        ""imports"": [
            ""from flask import Flask"",
            ""import typing as t""
        ],
        ""initialization"": [
            ""app_import_path = 'example_app_path'"",
            ""def create_app(script_info: t.Any) -> Flask: return Flask(__name__)"",
            ""set_debug_flag = True"",
            ""Mock = type('Mock', (object,), {})"",
            ""self = Mock()"",
            ""self.app_import_path = app_import_path"",
            ""self.create_app = create_app"",
            ""self.data = {}"",
            ""self.set_debug_flag = set_debug_flag""
        ]
    }
]","[
    {
        ""imports"": [
            ""from flask import Flask # pragma: no cover"",
            ""import typing as t # pragma: no cover""
        ],
        ""initialization"": [
            ""def create_app(script_info: t.Any) -> Flask: return Flask(__name__) # pragma: no cover"",
            ""set_debug_flag = True # pragma: no cover"",
            ""self.create_app = create_app # pragma: no cover""
        ]
    },
    {
        ""imports"": [
            ""from flask import Flask # pragma: no cover"",
            ""import typing as t # pragma: no cover""
        ],
        ""initialization"": [
            ""def create_app(script_info: t.Any) -> Flask: return Flask(__name__) # pragma: no cover"",
            ""set_debug_flag = True # pragma: no cover"",
            ""Mock = type('Mock', (object,), {}) # pragma: no cover"",
            ""self = Mock() # pragma: no cover"",
            ""self.create_app = create_app # pragma: no cover"",
            ""self.data = {} # pragma: no cover"",
            ""self.set_debug_flag = set_debug_flag # pragma: no cover"",
            ""self._loaded_app = None # pragma: no cover""
        ]
    },
    {
        ""imports"": [
            ""from flask import Flask # pragma: no cover"",
            ""import typing as t # pragma: no cover""
        ],
        ""initialization"": [
            ""def create_app(script_info: t.Any) -> Flask: return Flask(__name__) # pragma: no cover"",
            ""set_debug_flag = True # pragma: no cover"",
            ""class Mock(object): pass # pragma: no cover"",
            ""self = Mock() # pragma: no cover""
        ]
    },
    {
        ""imports"": [
            ""from flask import Flask # pragma: no cover"",
            ""import typing as t # pragma: no cover""
        ],
        ""initialization"": [
            ""def create_app(script_info: t.Any) -> Flask: return Flask(__name__) # pragma: no cover"",
            ""set_debug_flag = True # pragma: no cover"",
            ""Mock = type('Mock', (object,), {}) # pragma: no cover"",
            ""self = Mock() # pragma: no cover"",
            ""self.create_app = create_app # pragma: no cover"",
            ""self.set_debug_flag = set_debug_flag # pragma: no cover""
        ]
    },
    {
        ""imports"": [
            ""from flask import Flask # pragma: no cover"",
            ""import typing as t # pragma: no cover""
        ],
        ""initialization"": [
            ""create_app = lambda script_info: Flask(__name__) # pragma: no cover"",
            ""set_debug_flag = True # pragma: no cover"",
            ""self = Mock() # pragma: no cover""
        ]
    },
    {
        ""imports"": [
            ""from flask import Flask # pragma: no cover"",
            ""import typing as t # pragma: no cover""
        ],
        ""initialization"": [
            ""def create_app(script_info: t.Any) -> Flask: return Flask(__name__) # pragma: no cover"",
            ""set_debug_flag = True # pragma: no cover"",
            ""class Mock(object):# pragma: no cover"",
            ""    pass# pragma: no cover"",
            ""self = Mock() # pragma: no cover""
        ]
    },
    {
        ""imports"": [
            ""from flask import Flask # pragma: no cover"",
            ""import typing as t # pragma: no cover""
        ],
        ""initialization"": [
            ""def create_app(script_info): return Flask(__name__) # pragma: no cover"",
            ""set_debug_flag = True # pragma: no cover""
        ]
    },
    {
        ""imports"": [
            ""from flask import Flask # pragma: no cover"",
            ""import typing as t # pragma: no cover""
        ],
        ""initialization"": [
            ""def create_app(script_info: t.Any) -> Flask: return Flask(__name__) # pragma: no cover"",
            ""set_debug_flag = True # pragma: no cover"",
            ""self.create_app = create_app # pragma: no cover""
        ]
    },
    {
        ""imports"": [
            ""from flask import Flask # pragma: no cover"",
            ""import typing as t # pragma: no cover""
        ],
        ""initialization"": [
            ""def create_app(script_info: t.Any) -> Flask: return Flask(__name__) # pragma: no cover"",
            ""set_debug_flag = True # pragma: no cover"",
            ""self.create_app = create_app # pragma: no cover""
        ]
    },
    {
        ""imports"": [
            ""from flask import Flask # pragma: no cover"",
            ""import typing as t # pragma: no cover""
        ],
        ""initialization"": [
            ""def create_app(script_info: t.Any) -> Flask: return Flask(__name__) # pragma: no cover"",
            ""set_debug_flag = True # pragma: no cover"",
            ""Mock = type('Mock', (object,), {}) # pragma: no cover"",
            ""self = Mock() # pragma: no cover"",
            ""self.create_app = create_app # pragma: no cover"",
            ""self.data = {} # pragma: no cover"",
            ""self.set_debug_flag = set_debug_flag # pragma: no cover""
        ]
    }
]",3,10135,0.0050675,1263,0.0018945,0.0069619999999999
"When trying to execute the code snippet with the provided imports and initialization, the lines with # uncovered are not executed.

# begin code snippet
#: Optionally the import path for the Flask application.
self.app_import_path = app_import_path # uncovered
#: Optionally a function that is passed the script info to create
#: the instance of the application.
self.create_app = create_app # uncovered
#: A dictionary with arbitrary data that can be associated with
#: this script info.
self.data: t.Dict[t.Any, t.Any] = {} # uncovered
self.set_debug_flag = set_debug_flag # uncovered
self._loaded_app: Flask | None = None # uncovered

# end code snippet

Please, provide self-contained and concrete Python modified values of the imports and initialization to execute one of the uncovered paths in the code snippet.
Respond strictly with JSON. The JSON should be compatible with the TypeScript type `Response` from the following:

```ts
interface Response {
// Python import statements needed in the initialization code. One string per import.
imports: string[];
// Python code to initialize the undefined variables and make the code snippet executable. One string per undefined variable. The statements in the code snippet above are not part of the initialization of undefined variables. Therefore, their copy or modified versions should not be added here. The values should be self-contained and concrete, i.e. without assumptions or expected replacements of any code that is not present in the code snippet. In case there are undefined attributes or methods and the attribute or method base is not initialized, initialize the attribute or method base using type(""Mock"", bases, dict), where bases is a tuple containing the base classes that the Mock object inherits from, e.g. object, and dict is a dictionary containing the initialization of the undefined attributes and methods in the code snippet.
initialization: string[];
}
```","[
    {
        ""imports"": [
            ""from flask import Flask"",
            ""import typing as t""
        ],
        ""initialization"": [
            ""app_import_path = 'example.app.path'"",
            ""def create_app(script_info): return Flask(__name__)"",
            ""set_debug_flag = True"",
            ""class MockSelf:"",
            ""    app_import_path: t.Optional[str]"",
            ""    create_app: t.Optional[t.Callable[[t.Any], Flask]]"",
            ""    data: t.Dict[t.Any, t.Any]"",
            ""    set_debug_flag: bool"",
            ""    _loaded_app: t.Optional[Flask]"",
            ""    def __init__(self, app_import_path, create_app, set_debug_flag):"",
            ""        self.app_import_path = app_import_path"",
            ""        self.create_app = create_app"",
            ""        self.data = {}"",
            ""        self.set_debug_flag = set_debug_flag"",
            ""        self._loaded_app = None"",
            ""self = MockSelf(app_import_path, create_app, set_debug_flag)"",
            ""self.app_import_path""
        ]
    },
    {
        ""imports"": [
            ""from flask import Flask"",
            ""import typing as t""
        ],
        ""initialization"": [
            ""app_import_path = 'my_flask_app'"",
            ""def create_app(script_info): return Flask(__name__)"",
            ""set_debug_flag = True"",
            ""class Mock:"",
            ""    def __init__(self, app_import_path, create_app, set_debug_flag):"",
            ""        self.app_import_path = app_import_path"",
            ""        self.create_app = create_app"",
            ""        self.data = {}"",
            ""        self.set_debug_flag = set_debug_flag"",
            ""        self._loaded_app = None"",
            ""self = MockSelf(app_import_path, create_app, set_debug_flag)"",
            ""self.app_import_path""
        ]
    },
    {
        ""imports"": [
            ""from flask import Flask"",
            ""import typing as t""
        ],
        ""initialization"": [
            ""app_import_path = 'my_flask_app'"",
            ""def create_app(script_info): return Flask(__name__)"",
            ""set_debug_flag = True"",
            ""class Mock:"",
            ""    def __init__(self, app_import_path, create_app, set_debug_flag):"",
            ""        self.app_import_path = app_import_path"",
            ""        self.create_app = create_app"",
            ""        self.data = {}"",
            ""        self.set_debug_flag = set_debug_flag"",
            ""        self._loaded_app = None"",
            ""self = Mock(app_import_path, create_app, set_debug_flag)"",
            ""self.app_import_path""
        ]
    },
    {
        ""imports"": [
            ""from flask import Flask"",
            ""import typing as t""
        ],
        ""initialization"": [
            ""app_import_path = 'my_flask_app'"",
            ""def create_app(script_info): return Flask(__name__)"",
            ""set_debug_flag = True"",
            ""class MockSelf:"",
            ""    app_import_path: str"",
            ""    create_app: t.Callable"",
            ""    data: t.Dict[t.Any, t.Any]"",
            ""    set_debug_flag: bool"",
            ""    _loaded_app: t.Optional[Flask]"",
            ""self = MockSelf()"",
            ""self.app_import_path = app_import_path"",
            ""self.create_app = create_app"",
            ""self.data = {}"",
            ""self.set_debug_flag = set_debug_flag"",
            ""self._loaded_app = None"",
            ""self.create_app""
        ]
    },
    {
        ""imports"": [
            ""from flask import Flask"",
            ""import typing as t""
        ],
        ""initialization"": [
            ""app_import_path = 'example.app.path'"",
            ""def create_app(script_info): return Flask(__name__)"",
            ""set_debug_flag = True"",
            ""class MockSelf:"",
            ""    def __init__(self):"",
            ""        self.app_import_path = app_import_path"",
            ""        self.create_app = create_app"",
            ""        self.data = {}"",
            ""        self.set_debug_flag = set_debug_flag"",
            ""        self._loaded_app = None"",
            ""self = MockSelf()"",
            ""self.create_app""
        ]
    },
    {
        ""imports"": [
            ""from flask import Flask"",
            ""import typing as t""
        ],
        ""initialization"": [
            ""app_import_path = 'example.app.path'"",
            ""def create_app(script_info): return Flask(__name__)"",
            ""set_debug_flag = True"",
            ""class MockSelf:"",
            ""    def __init__(self):"",
            ""        self.app_import_path = app_import_path"",
            ""        self.create_app = create_app"",
            ""        self.data = {}"",
            ""        self.set_debug_flag = set_debug_flag"",
            ""        self._loaded_app = None"",
            ""self = MockSelf()"",
            ""self.create_app""
        ]
    },
    {
        ""imports"": [
            ""from flask import Flask"",
            ""import typing as t""
        ],
        ""initialization"": [
            ""app_import_path = 'my_flask_app'"",
            ""def create_app(script_info): return Flask(__name__)"",
            ""set_debug_flag = True"",
            ""class MockSelf:"",
            ""    app_import_path: str"",
            ""    create_app: t.Callable"",
            ""    data: t.Dict[t.Any, t.Any]"",
            ""    set_debug_flag: bool"",
            ""    _loaded_app: t.Optional[Flask]"",
            ""    def __init__(self, app_import_path, create_app, set_debug_flag):"",
            ""        self.app_import_path = app_import_path"",
            ""        self.create_app = create_app"",
            ""        self.data = {}"",
            ""        self.set_debug_flag = set_debug_flag"",
            ""        self._loaded_app = None"",
            ""self = MockSelf(app_import_path, create_app, set_debug_flag)"",
            ""self.app_import_path""
        ]
    },
    {
        ""imports"": [
            ""from flask import Flask"",
            ""import typing as t""
        ],
        ""initialization"": [
            ""app_import_path = 'my_flask_app'"",
            ""def create_app(script_info): return Flask(__name__)"",
            ""set_debug_flag = True"",
            ""class Mock:"",
            ""    def __init__(self, app_import_path, create_app, set_debug_flag):"",
            ""        self.app_import_path = app_import_path"",
            ""        self.create_app = create_app"",
            ""        self.data = {}"",
            ""        self.set_debug_flag = set_debug_flag"",
            ""        self._loaded_app = None"",
            ""        # Access an uncovered attribute to execute the path"",
            ""        self.app_import_path"",
            ""self = Mock(app_import_path, create_app, set_debug_flag)""
        ]
    },
    {
        ""imports"": [
            ""from flask import Flask"",
            ""import typing as t""
        ],
        ""initialization"": [
            ""app_import_path = 'my_flask_app'"",
            ""def create_app(script_info): return Flask(__name__)"",
            ""set_debug_flag = True"",
            ""class MockSelf:"",
            ""    app_import_path: t.Optional[str]"",
            ""    create_app: t.Optional[t.Callable[[t.Any], Flask]]"",
            ""    data: t.Dict[t.Any, t.Any]"",
            ""    set_debug_flag: bool"",
            ""    _loaded_app: t.Optional[Flask]"",
            ""    def __init__(self, app_import_path, create_app, set_debug_flag):"",
            ""        self.app_import_path = app_import_path"",
            ""        self.create_app = create_app"",
            ""        self.data = {}"",
            ""        self.set_debug_flag = set_debug_flag"",
            ""        self._loaded_app = None"",
            ""self = MockSelf(app_import_path, create_app, set_debug_flag)"",
            ""result = self.app_import_path""
        ]
    },
    {
        ""imports"": [
            ""from flask import Flask"",
            ""import typing as t""
        ],
        ""initialization"": [
            ""app_import_path = 'my_flask_app'"",
            ""def create_app(script_info): return Flask(__name__)"",
            ""set_debug_flag = True"",
            ""class MockSelf(object):"",
            ""    def __init__(self, app_import_path, create_app, set_debug_flag):"",
            ""        self.app_import_path = app_import_path"",
            ""        self.create_app = create_app"",
            ""        self.data = {}"",
            ""        self.set_debug_flag = set_debug_flag"",
            ""        self._loaded_app = None"",
            ""self = MockSelf(app_import_path, create_app, set_debug_flag)""
        ]
    }
]","[
    {
        ""imports"": [
            ""from flask import Flask # pragma: no cover"",
            ""import typing as t # pragma: no cover""
        ],
        ""initialization"": [
            ""def create_app(script_info): return Flask(__name__) # pragma: no cover"",
            ""set_debug_flag = True # pragma: no cover"",
            ""class MockSelf: # pragma: no cover"",
            ""    create_app: t.Optional[t.Callable[[t.Any], Flask]] # pragma: no cover"",
            ""    data: t.Dict[t.Any, t.Any] # pragma: no cover"",
            ""    set_debug_flag: bool # pragma: no cover"",
            ""    _loaded_app: t.Optional[Flask] # pragma: no cover"",
            ""        self.create_app = create_app # pragma: no cover"",
            ""        self.data = {} # pragma: no cover"",
            ""        self.set_debug_flag = set_debug_flag # pragma: no cover"",
            ""        self._loaded_app = None # pragma: no cover""
        ]
    },
    {
        ""imports"": [
            ""from flask import Flask # pragma: no cover"",
            ""import typing as t # pragma: no cover""
        ],
        ""initialization"": [
            ""def create_app(script_info): return Flask(__name__) # pragma: no cover"",
            ""set_debug_flag = True # pragma: no cover"",
            ""class Mock: # pragma: no cover"",
            ""        self.create_app = create_app # pragma: no cover"",
            ""        self.data = {} # pragma: no cover"",
            ""        self.set_debug_flag = set_debug_flag # pragma: no cover"",
            ""        self._loaded_app = None # pragma: no cover""
        ]
    },
    {
        ""imports"": [
            ""from flask import Flask # pragma: no cover"",
            ""import typing as t # pragma: no cover""
        ],
        ""initialization"": [
            ""def create_app(script_info): return Flask(__name__) # pragma: no cover"",
            ""set_debug_flag = True # pragma: no cover"",
            ""class Mock: # pragma: no cover"",
            ""        self.create_app = create_app # pragma: no cover"",
            ""        self.data = {} # pragma: no cover"",
            ""        self.set_debug_flag = set_debug_flag # pragma: no cover"",
            ""        self._loaded_app = None # pragma: no cover""
        ]
    },
    {
        ""imports"": [
            ""from flask import Flask # pragma: no cover"",
            ""import typing as t # pragma: no cover""
        ],
        ""initialization"": [
            ""def create_app(script_info): return Flask(__name__) # pragma: no cover"",
            ""set_debug_flag = True # pragma: no cover"",
            ""class MockSelf: # pragma: no cover"",
            ""    create_app: t.Callable # pragma: no cover"",
            ""    data: t.Dict[t.Any, t.Any] # pragma: no cover"",
            ""    set_debug_flag: bool # pragma: no cover"",
            ""    _loaded_app: t.Optional[Flask] # pragma: no cover"",
            ""self = MockSelf() # pragma: no cover"",
            ""self.create_app = create_app # pragma: no cover"",
            ""self.data = {} # pragma: no cover"",
            ""self.set_debug_flag = set_debug_flag # pragma: no cover"",
            ""self._loaded_app = None # pragma: no cover"",
            ""self.create_app # pragma: no cover""
        ]
    },
    {
        ""imports"": [
            ""from flask import Flask # pragma: no cover"",
            ""import typing as t # pragma: no cover""
        ],
        ""initialization"": [
            ""def create_app(script_info): return Flask(__name__) # pragma: no cover"",
            ""set_debug_flag = True # pragma: no cover"",
            ""class MockSelf: # pragma: no cover"",
            ""    def __init__(self): # pragma: no cover"",
            ""        self.create_app = create_app # pragma: no cover"",
            ""        self.data = {} # pragma: no cover"",
            ""        self.set_debug_flag = set_debug_flag # pragma: no cover"",
            ""        self._loaded_app = None # pragma: no cover"",
            ""self = MockSelf() # pragma: no cover"",
            ""self.create_app # pragma: no cover""
        ]
    },
    {
        ""imports"": [
            ""from flask import Flask # pragma: no cover"",
            ""import typing as t # pragma: no cover""
        ],
        ""initialization"": [
            ""def create_app(script_info): return Flask(__name__) # pragma: no cover"",
            ""set_debug_flag = True # pragma: no cover"",
            ""class MockSelf: # pragma: no cover"",
            ""    def __init__(self): # pragma: no cover"",
            ""        self.create_app = create_app # pragma: no cover"",
            ""        self.data = {} # pragma: no cover"",
            ""        self.set_debug_flag = set_debug_flag # pragma: no cover"",
            ""        self._loaded_app = None # pragma: no cover"",
            ""self = MockSelf() # pragma: no cover"",
            ""self.create_app # pragma: no cover""
        ]
    },
    {
        ""imports"": [
            ""from flask import Flask # pragma: no cover"",
            ""import typing as t # pragma: no cover""
        ],
        ""initialization"": [
            ""def create_app(script_info): return Flask(__name__) # pragma: no cover"",
            ""set_debug_flag = True # pragma: no cover"",
            ""class MockSelf: # pragma: no cover"",
            ""    create_app: t.Callable # pragma: no cover"",
            ""    data: t.Dict[t.Any, t.Any] # pragma: no cover"",
            ""    set_debug_flag: bool # pragma: no cover"",
            ""    _loaded_app: t.Optional[Flask] # pragma: no cover"",
            ""        self.create_app = create_app # pragma: no cover"",
            ""        self.data = {} # pragma: no cover"",
            ""        self.set_debug_flag = set_debug_flag # pragma: no cover"",
            ""        self._loaded_app = None # pragma: no cover""
        ]
    },
    {
        ""imports"": [
            ""from flask import Flask # pragma: no cover"",
            ""import typing as t # pragma: no cover""
        ],
        ""initialization"": [
            ""def create_app(script_info): return Flask(__name__) # pragma: no cover"",
            ""set_debug_flag = True # pragma: no cover"",
            ""class Mock: # pragma: no cover"",
            ""        self.create_app = create_app # pragma: no cover"",
            ""        self.data = {} # pragma: no cover"",
            ""        self.set_debug_flag = set_debug_flag # pragma: no cover"",
            ""        self._loaded_app = None # pragma: no cover"",
            ""        # Access an uncovered attribute to execute the path # pragma: no cover""
        ]
    },
    {
        ""imports"": [
            ""from flask import Flask # pragma: no cover"",
            ""import typing as t # pragma: no cover""
        ],
        ""initialization"": [
            ""def create_app(script_info): return Flask(__name__) # pragma: no cover"",
            ""set_debug_flag = True # pragma: no cover"",
            ""class MockSelf: # pragma: no cover"",
            ""    create_app: t.Optional[t.Callable[[t.Any], Flask]] # pragma: no cover"",
            ""    data: t.Dict[t.Any, t.Any] # pragma: no cover"",
            ""    set_debug_flag: bool # pragma: no cover"",
            ""    _loaded_app: t.Optional[Flask] # pragma: no cover"",
            ""        self.create_app = create_app # pragma: no cover"",
            ""        self.data = {} # pragma: no cover"",
            ""        self.set_debug_flag = set_debug_flag # pragma: no cover"",
            ""        self._loaded_app = None # pragma: no cover""
        ]
    },
    {
        ""imports"": [
            ""from flask import Flask # pragma: no cover"",
            ""import typing as t # pragma: no cover""
        ],
        ""initialization"": [
            ""def create_app(script_info): return Flask(__name__) # pragma: no cover"",
            ""set_debug_flag = True # pragma: no cover"",
            ""class MockSelf(object): # pragma: no cover"",
            ""        self.create_app = create_app # pragma: no cover"",
            ""        self.data = {} # pragma: no cover"",
            ""        self.set_debug_flag = set_debug_flag # pragma: no cover"",
            ""        self._loaded_app = None # pragma: no cover""
        ]
    }
]",3,12257,0.0061285,1891,0.0028365,0.008965
"When trying to execute the code snippet with the provided imports and initialization, the lines with # uncovered are not executed.

# begin code snippet
#: Optionally the import path for the Flask application.
self.app_import_path = app_import_path # uncovered
#: Optionally a function that is passed the script info to create
#: the instance of the application.
self.create_app = create_app # uncovered
#: A dictionary with arbitrary data that can be associated with
#: this script info.
self.data: t.Dict[t.Any, t.Any] = {} # uncovered
self.set_debug_flag = set_debug_flag # uncovered
self._loaded_app: Flask | None = None # uncovered

# end code snippet

Please, provide self-contained and concrete Python modified values of the imports and initialization to execute one of the uncovered paths in the code snippet.
Respond strictly with JSON. The JSON should be compatible with the TypeScript type `Response` from the following:

```ts
interface Response {
// Python import statements needed in the initialization code. One string per import.
imports: string[];
// Python code to initialize the undefined variables and make the code snippet executable. One string per undefined variable. The statements in the code snippet above are not part of the initialization of undefined variables. Therefore, their copy or modified versions should not be added here. The values should be self-contained and concrete, i.e. without assumptions or expected replacements of any code that is not present in the code snippet. In case there are undefined attributes or methods and the attribute or method base is not initialized, initialize the attribute or method base using type(""Mock"", bases, dict), where bases is a tuple containing the base classes that the Mock object inherits from, e.g. object, and dict is a dictionary containing the initialization of the undefined attributes and methods in the code snippet.
initialization: string[];
}
```","[
    {
        ""imports"": [
            ""from flask import Flask"",
            ""import typing as t""
        ],
        ""initialization"": [
            ""app_import_path = 'example_app_path'"",
            ""def create_app(script_info: t.Any) -> Flask: return Flask(__name__)"",
            ""set_debug_flag = True"",
            ""self = type('Mock', (object,), {'app_import_path': app_import_path, 'create_app': create_app, 'set_debug_flag': set_debug_flag, 'data': {}, '_loaded_app': None})()"",
            ""self.app_import_path = app_import_path""
        ]
    },
    {
        ""imports"": [
            ""from flask import Flask"",
            ""import typing as t""
        ],
        ""initialization"": [
            ""app_import_path = 'example_app_path'"",
            ""def create_app(script_info: t.Any) -> Flask: return Flask(__name__)"",
            ""set_debug_flag = True"",
            ""self = type('Mock', (object,), {})"",
            ""self.app_import_path = app_import_path""
        ]
    },
    {
        ""imports"": [
            ""from flask import Flask"",
            ""import typing as t""
        ],
        ""initialization"": [
            ""app_import_path = 'example_app_path'"",
            ""def create_app(script_info: t.Any) -> Flask: return Flask(__name__)"",
            ""set_debug_flag = True"",
            ""self = type('Mock', (object,), {'app_import_path': None, 'create_app': None, 'data': {}, 'set_debug_flag': None, '_loaded_app': None})()"",
            ""self.app_import_path = app_import_path""
        ]
    },
    {
        ""imports"": [
            ""from flask import Flask"",
            ""import typing as t""
        ],
        ""initialization"": [
            ""app_import_path = 'example_app_path'"",
            ""def create_app(script_info: t.Any) -> Flask: return Flask(__name__)"",
            ""set_debug_flag = True"",
            ""Mock = type('Mock', (object,), {'app_import_path': app_import_path, 'create_app': create_app, 'data': {}, 'set_debug_flag': set_debug_flag, '_loaded_app': None})"",
            ""self = Mock()"",
            ""self.app_import_path = app_import_path""
        ]
    },
    {
        ""imports"": [
            ""from flask import Flask"",
            ""import typing as t""
        ],
        ""initialization"": [
            ""app_import_path = 'example_app_path'"",
            ""def create_app(script_info: t.Any) -> Flask: return Flask(__name__)"",
            ""set_debug_flag = True"",
            ""Mock = type('Mock', (object,), {'app_import_path': app_import_path, 'create_app': create_app, 'data': {}, 'set_debug_flag': set_debug_flag, '_loaded_app': None})"",
            ""self = Mock()"",
            ""assert self.app_import_path == app_import_path""
        ]
    },
    {
        ""imports"": [
            ""from flask import Flask"",
            ""import typing as t""
        ],
        ""initialization"": [
            ""app_import_path = 'example_app_path'"",
            ""def create_app(script_info: t.Any) -> Flask: return Flask(__name__)"",
            ""set_debug_flag = True"",
            ""Mock = type('Mock', (object,), {})"",
            ""self = Mock()"",
            ""self.app_import_path = app_import_path"",
            ""self.create_app = create_app"",
            ""self.data = {}"",
            ""self.set_debug_flag = set_debug_flag""
        ]
    },
    {
        ""imports"": [
            ""from flask import Flask"",
            ""import typing as t""
        ],
        ""initialization"": [
            ""app_import_path = 'example_app_path'"",
            ""def create_app(script_info: t.Any) -> Flask: return Flask(__name__)"",
            ""set_debug_flag = True"",
            ""Mock = type('Mock', (object,), {'app_import_path': app_import_path, 'create_app': create_app, 'data': {}, 'set_debug_flag': set_debug_flag, '_loaded_app': None})"",
            ""self = Mock()"",
            ""self.create_app = create_app""
        ]
    },
    {
        ""imports"": [
            ""from flask import Flask"",
            ""import typing as t""
        ],
        ""initialization"": [
            ""app_import_path = 'example_app_path'"",
            ""create_app = lambda script_info: Flask(__name__)"",
            ""set_debug_flag = True"",
            ""Mock = type('Mock', (object,), {'app_import_path': None, 'create_app': None, 'data': {}, 'set_debug_flag': None, '_loaded_app': None})"",
            ""self = Mock()"",
            ""self.app_import_path = app_import_path""
        ]
    },
    {
        ""imports"": [
            ""from flask import Flask"",
            ""import typing as t""
        ],
        ""initialization"": [
            ""app_import_path = 'example_app_path'"",
            ""def create_app(script_info: t.Any) -> Flask: return Flask(__name__)"",
            ""set_debug_flag = True"",
            ""Mock = type('Mock', (object,), {'app_import_path': app_import_path, 'create_app': create_app, 'data': {}, 'set_debug_flag': set_debug_flag, '_loaded_app': None})"",
            ""self = Mock()"",
            ""self.app_import_path = app_import_path"",
            ""self.create_app = create_app"",
            ""self.set_debug_flag = set_debug_flag""
        ]
    },
    {
        ""imports"": [
            ""from flask import Flask"",
            ""import typing as t""
        ],
        ""initialization"": [
            ""app_import_path = 'example_app_path'"",
            ""def create_app(script_info: t.Any) -> Flask: return Flask(__name__)"",
            ""set_debug_flag = True"",
            ""Mock = type('Mock', (object,), {'app_import_path': app_import_path, 'create_app': create_app, 'data': {}, 'set_debug_flag': set_debug_flag, '_loaded_app': None})"",
            ""self = Mock()"",
            ""self.create_app = create_app""
        ]
    }
]","[
    {
        ""imports"": [
            ""from flask import Flask # pragma: no cover"",
            ""import typing as t # pragma: no cover""
        ],
        ""initialization"": [
            ""def create_app(script_info: t.Any) -> Flask: return Flask(__name__) # pragma: no cover"",
            ""set_debug_flag = True # pragma: no cover""
        ]
    },
    {
        ""imports"": [
            ""from flask import Flask # pragma: no cover"",
            ""import typing as t # pragma: no cover""
        ],
        ""initialization"": [
            ""def create_app(script_info: t.Any) -> Flask: return Flask(__name__) # pragma: no cover"",
            ""set_debug_flag = True # pragma: no cover"",
            ""self = type('Mock', (object,), {}) # pragma: no cover""
        ]
    },
    {
        ""imports"": [
            ""from flask import Flask # pragma: no cover"",
            ""import typing as t # pragma: no cover""
        ],
        ""initialization"": [
            ""def create_app(script_info: t.Any) -> Flask: return Flask(__name__) # pragma: no cover"",
            ""set_debug_flag = True # pragma: no cover""
        ]
    },
    {
        ""imports"": [
            ""from flask import Flask # pragma: no cover"",
            ""import typing as t # pragma: no cover""
        ],
        ""initialization"": [
            ""def create_app(script_info: t.Any) -> Flask: return Flask(__name__) # pragma: no cover"",
            ""set_debug_flag = True # pragma: no cover"",
            ""self = Mock() # pragma: no cover""
        ]
    },
    {
        ""imports"": [
            ""from flask import Flask # pragma: no cover"",
            ""import typing as t # pragma: no cover""
        ],
        ""initialization"": [
            ""def create_app(script_info: t.Any) -> Flask: return Flask(__name__) # pragma: no cover"",
            ""set_debug_flag = True # pragma: no cover"",
            ""self = Mock() # pragma: no cover""
        ]
    },
    {
        ""imports"": [
            ""from flask import Flask # pragma: no cover"",
            ""import typing as t # pragma: no cover""
        ],
        ""initialization"": [
            ""def create_app(script_info: t.Any) -> Flask: return Flask(__name__) # pragma: no cover"",
            ""set_debug_flag = True # pragma: no cover"",
            ""Mock = type('Mock', (object,), {}) # pragma: no cover"",
            ""self = Mock() # pragma: no cover"",
            ""self.create_app = create_app # pragma: no cover"",
            ""self.data = {} # pragma: no cover"",
            ""self.set_debug_flag = set_debug_flag # pragma: no cover""
        ]
    },
    {
        ""imports"": [
            ""from flask import Flask # pragma: no cover"",
            ""import typing as t # pragma: no cover""
        ],
        ""initialization"": [
            ""def create_app(script_info: t.Any) -> Flask: return Flask(__name__) # pragma: no cover"",
            ""set_debug_flag = True # pragma: no cover"",
            ""self = Mock() # pragma: no cover"",
            ""self.create_app = create_app # pragma: no cover""
        ]
    },
    {
        ""imports"": [
            ""from flask import Flask # pragma: no cover"",
            ""import typing as t # pragma: no cover""
        ],
        ""initialization"": [
            ""create_app = lambda script_info: Flask(__name__) # pragma: no cover"",
            ""set_debug_flag = True # pragma: no cover"",
            ""self = Mock() # pragma: no cover""
        ]
    },
    {
        ""imports"": [
            ""from flask import Flask # pragma: no cover"",
            ""import typing as t # pragma: no cover""
        ],
        ""initialization"": [
            ""def create_app(script_info: t.Any) -> Flask: return Flask(__name__) # pragma: no cover"",
            ""set_debug_flag = True # pragma: no cover"",
            ""self = Mock() # pragma: no cover"",
            ""self.create_app = create_app # pragma: no cover"",
            ""self.set_debug_flag = set_debug_flag # pragma: no cover""
        ]
    },
    {
        ""imports"": [
            ""from flask import Flask # pragma: no cover"",
            ""import typing as t # pragma: no cover""
        ],
        ""initialization"": [
            ""def create_app(script_info: t.Any) -> Flask: return Flask(__name__) # pragma: no cover"",
            ""set_debug_flag = True # pragma: no cover"",
            ""self = Mock() # pragma: no cover"",
            ""self.create_app = create_app # pragma: no cover""
        ]
    }
]",3,11778,0.005889,1341,0.0020115,0.0079005
"When trying to execute the code snippet with the provided imports and initialization, the lines with # uncovered are not executed.

# begin code snippet
#: Optionally the import path for the Flask application.
self.app_import_path = app_import_path # uncovered
#: Optionally a function that is passed the script info to create
#: the instance of the application.
self.create_app = create_app # uncovered
#: A dictionary with arbitrary data that can be associated with
#: this script info.
self.data: t.Dict[t.Any, t.Any] = {} # uncovered
self.set_debug_flag = set_debug_flag # uncovered
self._loaded_app: Flask | None = None # uncovered

# end code snippet

Please, provide self-contained and concrete Python modified values of the imports and initialization to execute one of the uncovered paths in the code snippet.
Respond strictly with JSON. The JSON should be compatible with the TypeScript type `Response` from the following:

```ts
interface Response {
// Python import statements needed in the initialization code. One string per import.
imports: string[];
// Python code to initialize the undefined variables and make the code snippet executable. One string per undefined variable. The statements in the code snippet above are not part of the initialization of undefined variables. Therefore, their copy or modified versions should not be added here. The values should be self-contained and concrete, i.e. without assumptions or expected replacements of any code that is not present in the code snippet. In case there are undefined attributes or methods and the attribute or method base is not initialized, initialize the attribute or method base using type(""Mock"", bases, dict), where bases is a tuple containing the base classes that the Mock object inherits from, e.g. object, and dict is a dictionary containing the initialization of the undefined attributes and methods in the code snippet.
initialization: string[];
}
```","[
    {
        ""imports"": [
            ""from flask import Flask"",
            ""import typing as t""
        ],
        ""initialization"": [
            ""app_import_path = 'example.app.path'"",
            ""def create_app(script_info): return Flask(__name__)"",
            ""set_debug_flag = True"",
            ""class MockSelf:"",
            ""    app_import_path: t.Optional[str]"",
            ""    create_app: t.Optional[t.Callable[[t.Any], Flask]]"",
            ""    data: t.Dict[t.Any, t.Any]"",
            ""    set_debug_flag: bool"",
            ""    _loaded_app: t.Optional[Flask]"",
            ""    def __init__(self, app_import_path, create_app, set_debug_flag):"",
            ""        self.app_import_path = app_import_path"",
            ""        self.create_app = create_app"",
            ""        self.data = {}"",
            ""        self.set_debug_flag = set_debug_flag"",
            ""        self._loaded_app = None"",
            ""self = MockSelf(app_import_path, create_app, set_debug_flag)"",
            ""result = self.app_import_path""
        ]
    },
    {
        ""imports"": [
            ""from flask import Flask"",
            ""import typing as t""
        ],
        ""initialization"": [
            ""app_import_path = 'example.app.path'"",
            ""def create_app(script_info): return Flask(__name__)"",
            ""set_debug_flag = True"",
            ""class Mock:"",
            ""    def __init__(self):"",
            ""        self.app_import_path = app_import_path"",
            ""        self.create_app = create_app"",
            ""        self.data = {}"",
            ""        self.set_debug_flag = set_debug_flag"",
            ""        self._loaded_app = None"",
            ""self = Mock()"",
            ""result = self.create_app""
        ]
    },
    {
        ""imports"": [
            ""from flask import Flask"",
            ""import typing as t""
        ],
        ""initialization"": [
            ""app_import_path = 'example_app_path'"",
            ""def create_app(script_info): return Flask(__name__)"",
            ""set_debug_flag = True"",
            ""self = type('Mock', (object,), {})()"",
            ""self.app_import_path = app_import_path""
        ]
    },
    {
        ""imports"": [
            ""from flask import Flask"",
            ""import typing as t""
        ],
        ""initialization"": [
            ""app_import_path = 'sample.app.path'"",
            ""def create_app(script_info): return Flask(__name__)"",
            ""set_debug_flag = True"",
            ""class Mock:"",
            ""    def __init__(self):"",
            ""        self.app_import_path = ''"",
            ""        self.create_app = None"",
            ""        self.data = {}"",
            ""        self.set_debug_flag = False"",
            ""        self._loaded_app = None"",
            ""self = Mock()"",
            ""self.app_import_path = app_import_path""
        ]
    },
    {
        ""imports"": [
            ""from flask import Flask"",
            ""import typing as t""
        ],
        ""initialization"": [
            ""app_import_path = 'example.app.path'"",
            ""def create_app(script_info): return Flask(__name__)"",
            ""set_debug_flag = True"",
            ""class MockSelf:"",
            ""    app_import_path: t.Optional[str]"",
            ""    create_app: t.Optional[t.Callable[[t.Any], Flask]]"",
            ""    data: t.Dict[t.Any, t.Any]"",
            ""    set_debug_flag: bool"",
            ""    _loaded_app: t.Optional[Flask]"",
            ""    def __init__(self):"",
            ""        self.app_import_path = app_import_path"",
            ""        self.create_app = create_app"",
            ""        self.data = {}"",
            ""        self.set_debug_flag = set_debug_flag"",
            ""        self._loaded_app = None"",
            ""self = MockSelf()"",
            ""self.create_app""
        ]
    },
    {
        ""imports"": [
            ""from flask import Flask"",
            ""import typing as t""
        ],
        ""initialization"": [
            ""app_import_path = 'example.app.path'"",
            ""def create_app(script_info): return Flask(__name__)"",
            ""set_debug_flag = True"",
            ""class MockSelf:"",
            ""    def __init__(self, app_import_path, create_app, set_debug_flag):"",
            ""        self.app_import_path = app_import_path"",
            ""        self.create_app = create_app"",
            ""        self.data = {}"",
            ""        self.set_debug_flag = set_debug_flag"",
            ""        self._loaded_app = None"",
            ""self = MockSelf(app_import_path, create_app, set_debug_flag)"",
            ""self.app_import_path""
        ]
    },
    {
        ""imports"": [
            ""from flask import Flask"",
            ""import typing as t""
        ],
        ""initialization"": [
            ""app_import_path = 'my_flask_app'"",
            ""def create_app(script_info): return Flask(__name__)"",
            ""set_debug_flag = True"",
            ""Mock = type('Mock', (object,), {})"",
            ""self = Mock()"",
            ""self.app_import_path = app_import_path"",
            ""self.create_app = create_app"",
            ""self.data = {}"",
            ""self.set_debug_flag = set_debug_flag"",
            ""self._loaded_app = None"",
            ""self.app_import_path""
        ]
    },
    {
        ""imports"": [
            ""from flask import Flask"",
            ""import typing as t""
        ],
        ""initialization"": [
            ""app_import_path = 'my_flask_app'"",
            ""def create_app(script_info): return Flask(__name__)"",
            ""set_debug_flag = True"",
            ""class MockSelf:"",
            ""    def __init__(self):"",
            ""        self.app_import_path = app_import_path"",
            ""        self.create_app = create_app"",
            ""        self.data = {}"",
            ""        self.set_debug_flag = set_debug_flag"",
            ""        self._loaded_app = None"",
            ""self = MockSelf()"",
            ""self.create_app""
        ]
    },
    {
        ""imports"": [
            ""from flask import Flask"",
            ""import typing as t""
        ],
        ""initialization"": [
            ""app_import_path = 'my_flask_app'"",
            ""def create_app(script_info): return Flask(__name__)"",
            ""set_debug_flag = True"",
            ""class MockSelf:"",
            ""    app_import_path: t.Optional[str]"",
            ""    create_app: t.Optional[t.Callable[[t.Any], Flask]]"",
            ""    data: t.Dict[t.Any, t.Any]"",
            ""    set_debug_flag: bool"",
            ""    _loaded_app: t.Optional[Flask]"",
            ""    def __init__(self, app_import_path, create_app, set_debug_flag):"",
            ""        self.app_import_path = app_import_path"",
            ""        self.create_app = create_app"",
            ""        self.data = {}"",
            ""        self.set_debug_flag = set_debug_flag"",
            ""        self._loaded_app = None"",
            ""self = MockSelf(app_import_path, create_app, set_debug_flag)"",
            ""result = self.app_import_path""
        ]
    },
    {
        ""imports"": [
            ""from flask import Flask"",
            ""import typing as t""
        ],
        ""initialization"": [
            ""app_import_path = 'example.app.path'"",
            ""def create_app(script_info): return Flask(__name__)"",
            ""set_debug_flag = True"",
            ""class MockSelf:"",
            ""    def __init__(self, app_import_path, create_app, set_debug_flag):"",
            ""        self.app_import_path = app_import_path"",
            ""        self.create_app = create_app"",
            ""        self.data = {}"",
            ""        self.set_debug_flag = set_debug_flag"",
            ""        self._loaded_app = None"",
            ""self = MockSelf(app_import_path, create_app, set_debug_flag)"",
            ""self.app_import_path""
        ]
    }
]","[
    {
        ""imports"": [
            ""from flask import Flask # pragma: no cover"",
            ""import typing as t # pragma: no cover""
        ],
        ""initialization"": [
            ""def create_app(script_info): return Flask(__name__) # pragma: no cover"",
            ""set_debug_flag = True # pragma: no cover"",
            ""class MockSelf: # pragma: no cover"",
            ""    create_app: t.Optional[t.Callable[[t.Any], Flask]] # pragma: no cover"",
            ""    data: t.Dict[t.Any, t.Any] # pragma: no cover"",
            ""    set_debug_flag: bool # pragma: no cover"",
            ""    _loaded_app: t.Optional[Flask] # pragma: no cover"",
            ""        self.create_app = create_app # pragma: no cover"",
            ""        self.data = {} # pragma: no cover"",
            ""        self.set_debug_flag = set_debug_flag # pragma: no cover"",
            ""        self._loaded_app = None # pragma: no cover""
        ]
    },
    {
        ""imports"": [
            ""from flask import Flask # pragma: no cover"",
            ""import typing as t # pragma: no cover""
        ],
        ""initialization"": [
            ""def create_app(script_info): return Flask(__name__) # pragma: no cover"",
            ""set_debug_flag = True # pragma: no cover"",
            ""class Mock: # pragma: no cover"",
            ""    def __init__(self): # pragma: no cover"",
            ""        self.create_app = create_app # pragma: no cover"",
            ""        self.data = {} # pragma: no cover"",
            ""        self.set_debug_flag = set_debug_flag # pragma: no cover"",
            ""        self._loaded_app = None # pragma: no cover"",
            ""self = Mock() # pragma: no cover"",
            ""result = self.create_app # pragma: no cover""
        ]
    },
    {
        ""imports"": [
            ""from flask import Flask # pragma: no cover"",
            ""import typing as t # pragma: no cover""
        ],
        ""initialization"": [
            ""def create_app(script_info): return Flask(__name__) # pragma: no cover"",
            ""set_debug_flag = True # pragma: no cover"",
            ""self = type('Mock', (object,), {})() # pragma: no cover""
        ]
    },
    {
        ""imports"": [
            ""from flask import Flask # pragma: no cover"",
            ""import typing as t # pragma: no cover""
        ],
        ""initialization"": [
            ""def create_app(script_info): return Flask(__name__) # pragma: no cover"",
            ""set_debug_flag = True # pragma: no cover"",
            ""class Mock: # pragma: no cover"",
            ""    def __init__(self): # pragma: no cover"",
            ""        self.create_app = None # pragma: no cover"",
            ""        self.data = {} # pragma: no cover"",
            ""        self.set_debug_flag = False # pragma: no cover"",
            ""        self._loaded_app = None # pragma: no cover"",
            ""self = Mock() # pragma: no cover""
        ]
    },
    {
        ""imports"": [
            ""from flask import Flask # pragma: no cover"",
            ""import typing as t # pragma: no cover""
        ],
        ""initialization"": [
            ""def create_app(script_info): return Flask(__name__) # pragma: no cover"",
            ""set_debug_flag = True # pragma: no cover"",
            ""class MockSelf: # pragma: no cover"",
            ""    create_app: t.Optional[t.Callable[[t.Any], Flask]] # pragma: no cover"",
            ""    data: t.Dict[t.Any, t.Any] # pragma: no cover"",
            ""    set_debug_flag: bool # pragma: no cover"",
            ""    _loaded_app: t.Optional[Flask] # pragma: no cover"",
            ""    def __init__(self): # pragma: no cover"",
            ""        self.create_app = create_app # pragma: no cover"",
            ""        self.data = {} # pragma: no cover"",
            ""        self.set_debug_flag = set_debug_flag # pragma: no cover"",
            ""        self._loaded_app = None # pragma: no cover"",
            ""self = MockSelf() # pragma: no cover"",
            ""self.create_app # pragma: no cover""
        ]
    },
    {
        ""imports"": [
            ""from flask import Flask # pragma: no cover"",
            ""import typing as t # pragma: no cover""
        ],
        ""initialization"": [
            ""def create_app(script_info): return Flask(__name__) # pragma: no cover"",
            ""set_debug_flag = True # pragma: no cover"",
            ""class MockSelf: # pragma: no cover"",
            ""        self.create_app = create_app # pragma: no cover"",
            ""        self.data = {} # pragma: no cover"",
            ""        self.set_debug_flag = set_debug_flag # pragma: no cover"",
            ""        self._loaded_app = None # pragma: no cover""
        ]
    },
    {
        ""imports"": [
            ""from flask import Flask # pragma: no cover"",
            ""import typing as t # pragma: no cover""
        ],
        ""initialization"": [
            ""def create_app(script_info): return Flask(__name__) # pragma: no cover"",
            ""set_debug_flag = True # pragma: no cover"",
            ""Mock = type('Mock', (object,), {}) # pragma: no cover"",
            ""self = Mock() # pragma: no cover"",
            ""self.create_app = create_app # pragma: no cover"",
            ""self.data = {} # pragma: no cover"",
            ""self.set_debug_flag = set_debug_flag # pragma: no cover"",
            ""self._loaded_app = None # pragma: no cover""
        ]
    },
    {
        ""imports"": [
            ""from flask import Flask # pragma: no cover"",
            ""import typing as t # pragma: no cover""
        ],
        ""initialization"": [
            ""def create_app(script_info): return Flask(__name__) # pragma: no cover"",
            ""set_debug_flag = True # pragma: no cover"",
            ""class MockSelf: # pragma: no cover"",
            ""    def __init__(self): # pragma: no cover"",
            ""        self.create_app = create_app # pragma: no cover"",
            ""        self.data = {} # pragma: no cover"",
            ""        self.set_debug_flag = set_debug_flag # pragma: no cover"",
            ""        self._loaded_app = None # pragma: no cover"",
            ""self = MockSelf() # pragma: no cover"",
            ""self.create_app # pragma: no cover""
        ]
    },
    {
        ""imports"": [
            ""from flask import Flask # pragma: no cover"",
            ""import typing as t # pragma: no cover""
        ],
        ""initialization"": [
            ""def create_app(script_info): return Flask(__name__) # pragma: no cover"",
            ""set_debug_flag = True # pragma: no cover"",
            ""class MockSelf: # pragma: no cover"",
            ""    create_app: t.Optional[t.Callable[[t.Any], Flask]] # pragma: no cover"",
            ""    data: t.Dict[t.Any, t.Any] # pragma: no cover"",
            ""    set_debug_flag: bool # pragma: no cover"",
            ""    _loaded_app: t.Optional[Flask] # pragma: no cover"",
            ""        self.create_app = create_app # pragma: no cover"",
            ""        self.data = {} # pragma: no cover"",
            ""        self.set_debug_flag = set_debug_flag # pragma: no cover"",
            ""        self._loaded_app = None # pragma: no cover""
        ]
    },
    {
        ""imports"": [
            ""from flask import Flask # pragma: no cover"",
            ""import typing as t # pragma: no cover""
        ],
        ""initialization"": [
            ""def create_app(script_info): return Flask(__name__) # pragma: no cover"",
            ""set_debug_flag = True # pragma: no cover"",
            ""class MockSelf: # pragma: no cover"",
            ""        self.create_app = create_app # pragma: no cover"",
            ""        self.data = {} # pragma: no cover"",
            ""        self.set_debug_flag = set_debug_flag # pragma: no cover"",
            ""        self._loaded_app = None # pragma: no cover""
        ]
    }
]",3,12168,0.006084,1726,0.002589,0.008673
"When trying to execute the code snippet with the provided imports and initialization, the lines with # uncovered are not executed.

# begin code snippet
#: Optionally the import path for the Flask application.
self.app_import_path = app_import_path # uncovered
#: Optionally a function that is passed the script info to create
#: the instance of the application.
self.create_app = create_app # uncovered
#: A dictionary with arbitrary data that can be associated with
#: this script info.
self.data: t.Dict[t.Any, t.Any] = {} # uncovered
self.set_debug_flag = set_debug_flag # uncovered
self._loaded_app: Flask | None = None # uncovered

# end code snippet

Please, provide self-contained and concrete Python modified values of the imports and initialization to execute one of the uncovered paths in the code snippet.
Respond strictly with JSON. The JSON should be compatible with the TypeScript type `Response` from the following:

```ts
interface Response {
// Python import statements needed in the initialization code. One string per import.
imports: string[];
// Python code to initialize the undefined variables and make the code snippet executable. One string per undefined variable. The statements in the code snippet above are not part of the initialization of undefined variables. Therefore, their copy or modified versions should not be added here. The values should be self-contained and concrete, i.e. without assumptions or expected replacements of any code that is not present in the code snippet. In case there are undefined attributes or methods and the attribute or method base is not initialized, initialize the attribute or method base using type(""Mock"", bases, dict), where bases is a tuple containing the base classes that the Mock object inherits from, e.g. object, and dict is a dictionary containing the initialization of the undefined attributes and methods in the code snippet.
initialization: string[];
}
```","[
    {
        ""imports"": [
            ""from flask import Flask"",
            ""import typing as t""
        ],
        ""initialization"": [
            ""app_import_path = 'example_app_path'"",
            ""def create_app(script_info: t.Any) -> Flask: return Flask(__name__)"",
            ""set_debug_flag = True"",
            ""Mock = type('Mock', (object,), {'app_import_path': None, 'create_app': None, 'data': {}, 'set_debug_flag': None, '_loaded_app': None})"",
            ""self = Mock()"",
            ""self.app_import_path = app_import_path"",
            ""self.create_app = create_app""
        ]
    },
    {
        ""imports"": [
            ""from flask import Flask"",
            ""import typing as t""
        ],
        ""initialization"": [
            ""app_import_path = 'example_app_path'"",
            ""def create_app(script_info: t.Any) -> Flask: return Flask(__name__)"",
            ""set_debug_flag = True"",
            ""Mock = type('Mock', (object,), {'app_import_path': app_import_path, 'create_app': create_app, 'data': {}, 'set_debug_flag': set_debug_flag, '_loaded_app': None})"",
            ""self = Mock()"",
            ""self.create_app = create_app""
        ]
    },
    {
        ""imports"": [
            ""from flask import Flask"",
            ""import typing as t""
        ],
        ""initialization"": [
            ""app_import_path = 'example_app_path'"",
            ""def create_app(script_info: t.Any) -> Flask: return Flask(__name__)"",
            ""set_debug_flag = True"",
            ""Mock = type('Mock', (object,), {'app_import_path': None, 'create_app': None, 'data': {}, 'set_debug_flag': None, '_loaded_app': None})"",
            ""self = Mock()"",
            ""self.app_import_path = app_import_path""
        ]
    },
    {
        ""imports"": [
            ""from flask import Flask"",
            ""import typing as t""
        ],
        ""initialization"": [
            ""app_import_path = 'example_app_path'"",
            ""create_app = lambda script_info: Flask(__name__)"",
            ""set_debug_flag = True"",
            ""Mock = type('Mock', (object,), {'app_import_path': app_import_path, 'create_app': create_app, 'data': {}, 'set_debug_flag': set_debug_flag, '_loaded_app': None})"",
            ""self = Mock()"",
            ""self.create_app = create_app""
        ]
    },
    {
        ""imports"": [
            ""from flask import Flask"",
            ""import typing as t""
        ],
        ""initialization"": [
            ""app_import_path = 'example_app_path'"",
            ""def create_app(script_info: t.Any) -> Flask: return Flask(__name__)"",
            ""set_debug_flag = True"",
            ""Mock = type('Mock', (object,), {'app_import_path': app_import_path, 'create_app': create_app, 'data': {}, 'set_debug_flag': set_debug_flag, '_loaded_app': None})"",
            ""self = Mock()"",
            ""self.app_import_path = app_import_path"",
            ""self.create_app = create_app"",
            ""self.data = {}"",
            ""self.set_debug_flag = set_debug_flag"",
            ""self._loaded_app = None""
        ]
    },
    {
        ""imports"": [
            ""from flask import Flask"",
            ""import typing as t""
        ],
        ""initialization"": [
            ""app_import_path = 'example_app_path'"",
            ""def create_app(script_info: t.Any) -> Flask: return Flask(__name__)"",
            ""set_debug_flag = True"",
            ""Mock = type('Mock', (object,), {'create_app': None, 'app_import_path': None, 'data': {}, 'set_debug_flag': None, '_loaded_app': None})"",
            ""self = Mock()"",
            ""self.create_app = create_app""
        ]
    },
    {
        ""imports"": [
            ""from flask import Flask"",
            ""import typing as t""
        ],
        ""initialization"": [
            ""app_import_path = 'example_app_path'"",
            ""def create_app(script_info: t.Any) -> Flask: return Flask(__name__)"",
            ""set_debug_flag = True"",
            ""Mock = type('Mock', (object,), {'app_import_path': None, 'create_app': None, 'data': {}, 'set_debug_flag': None, '_loaded_app': None})"",
            ""self = Mock()"",
            ""self.app_import_path = app_import_path"",
            ""self.create_app = create_app"",
            ""self.data = {}"",
            ""self.set_debug_flag = set_debug_flag"",
            ""self._loaded_app = None""
        ]
    },
    {
        ""imports"": [
            ""from flask import Flask"",
            ""import typing as t""
        ],
        ""initialization"": [
            ""app_import_path = 'example_app_path'"",
            ""def create_app(script_info: t.Any) -> Flask: return Flask(__name__)"",
            ""set_debug_flag = True"",
            ""Mock = type('Mock', (object,), {'app_import_path': None, 'create_app': None, 'data': {}, 'set_debug_flag': None, '_loaded_app': None})"",
            ""self = Mock()"",
            ""self.app_import_path = app_import_path"",
            ""self.create_app = create_app"",
            ""self.set_debug_flag = set_debug_flag""
        ]
    },
    {
        ""imports"": [
            ""from flask import Flask"",
            ""import typing as t""
        ],
        ""initialization"": [
            ""app_import_path = 'example_app_path'"",
            ""def create_app(script_info: t.Any) -> Flask: return Flask(__name__)"",
            ""set_debug_flag = True"",
            ""Mock = type('Mock', (object,), {})"",
            ""self = Mock()"",
            ""self.app_import_path = app_import_path"",
            ""self.create_app = create_app"",
            ""self.data = {}"",
            ""self.set_debug_flag = set_debug_flag""
        ]
    },
    {
        ""imports"": [
            ""from flask import Flask"",
            ""import typing as t""
        ],
        ""initialization"": [
            ""app_import_path = 'example_app_path'"",
            ""def create_app(script_info: t.Any) -> Flask: return Flask(__name__)"",
            ""set_debug_flag = True"",
            ""Mock = type('Mock', (object,), {'app_import_path': app_import_path, 'create_app': create_app, 'data': {}, 'set_debug_flag': set_debug_flag, '_loaded_app': None})"",
            ""self = Mock()"",
            ""self.app_import_path = app_import_path""
        ]
    }
]","[
    {
        ""imports"": [
            ""from flask import Flask # pragma: no cover"",
            ""import typing as t # pragma: no cover""
        ],
        ""initialization"": [
            ""def create_app(script_info: t.Any) -> Flask: return Flask(__name__) # pragma: no cover"",
            ""set_debug_flag = True # pragma: no cover"",
            ""self = Mock() # pragma: no cover"",
            ""self.create_app = create_app # pragma: no cover""
        ]
    },
    {
        ""imports"": [
            ""from flask import Flask # pragma: no cover"",
            ""import typing as t # pragma: no cover""
        ],
        ""initialization"": [
            ""def create_app(script_info: t.Any) -> Flask: return Flask(__name__) # pragma: no cover"",
            ""set_debug_flag = True # pragma: no cover"",
            ""self = Mock() # pragma: no cover"",
            ""self.create_app = create_app # pragma: no cover""
        ]
    },
    {
        ""imports"": [
            ""from flask import Flask # pragma: no cover"",
            ""import typing as t # pragma: no cover""
        ],
        ""initialization"": [
            ""def create_app(script_info: t.Any) -> Flask: return Flask(__name__) # pragma: no cover"",
            ""set_debug_flag = True # pragma: no cover"",
            ""self = Mock() # pragma: no cover""
        ]
    },
    {
        ""imports"": [
            ""from flask import Flask # pragma: no cover"",
            ""import typing as t # pragma: no cover""
        ],
        ""initialization"": [
            ""create_app = lambda script_info: Flask(__name__) # pragma: no cover"",
            ""set_debug_flag = True # pragma: no cover"",
            ""self = Mock() # pragma: no cover"",
            ""self.create_app = create_app # pragma: no cover""
        ]
    },
    {
        ""imports"": [
            ""from flask import Flask # pragma: no cover"",
            ""import typing as t # pragma: no cover""
        ],
        ""initialization"": [
            ""def create_app(script_info: t.Any) -> Flask: return Flask(__name__) # pragma: no cover"",
            ""set_debug_flag = True # pragma: no cover"",
            ""self = Mock() # pragma: no cover"",
            ""self.create_app = create_app # pragma: no cover"",
            ""self.data = {} # pragma: no cover"",
            ""self.set_debug_flag = set_debug_flag # pragma: no cover"",
            ""self._loaded_app = None # pragma: no cover""
        ]
    },
    {
        ""imports"": [
            ""from flask import Flask # pragma: no cover"",
            ""import typing as t # pragma: no cover""
        ],
        ""initialization"": [
            ""def create_app(script_info: t.Any) -> Flask: return Flask(__name__) # pragma: no cover"",
            ""set_debug_flag = True # pragma: no cover"",
            ""self = Mock() # pragma: no cover"",
            ""self.create_app = create_app # pragma: no cover""
        ]
    },
    {
        ""imports"": [
            ""from flask import Flask # pragma: no cover"",
            ""import typing as t # pragma: no cover""
        ],
        ""initialization"": [
            ""def create_app(script_info: t.Any) -> Flask: return Flask(__name__) # pragma: no cover"",
            ""set_debug_flag = True # pragma: no cover"",
            ""self = Mock() # pragma: no cover"",
            ""self.create_app = create_app # pragma: no cover"",
            ""self.data = {} # pragma: no cover"",
            ""self.set_debug_flag = set_debug_flag # pragma: no cover"",
            ""self._loaded_app = None # pragma: no cover""
        ]
    },
    {
        ""imports"": [
            ""from flask import Flask # pragma: no cover"",
            ""import typing as t # pragma: no cover""
        ],
        ""initialization"": [
            ""def create_app(script_info: t.Any) -> Flask: return Flask(__name__) # pragma: no cover"",
            ""set_debug_flag = True # pragma: no cover"",
            ""self = Mock() # pragma: no cover"",
            ""self.create_app = create_app # pragma: no cover"",
            ""self.set_debug_flag = set_debug_flag # pragma: no cover""
        ]
    },
    {
        ""imports"": [
            ""from flask import Flask # pragma: no cover"",
            ""import typing as t # pragma: no cover""
        ],
        ""initialization"": [
            ""def create_app(script_info: t.Any) -> Flask: return Flask(__name__) # pragma: no cover"",
            ""set_debug_flag = True # pragma: no cover"",
            ""Mock = type('Mock', (object,), {}) # pragma: no cover"",
            ""self = Mock() # pragma: no cover"",
            ""self.create_app = create_app # pragma: no cover"",
            ""self.data = {} # pragma: no cover"",
            ""self.set_debug_flag = set_debug_flag # pragma: no cover""
        ]
    },
    {
        ""imports"": [
            ""from flask import Flask # pragma: no cover"",
            ""import typing as t # pragma: no cover""
        ],
        ""initialization"": [
            ""def create_app(script_info: t.Any) -> Flask: return Flask(__name__) # pragma: no cover"",
            ""set_debug_flag = True # pragma: no cover"",
            ""self = Mock() # pragma: no cover""
        ]
    }
]",3,11130,0.005565,1457,0.0021855,0.0077505
"When trying to execute the code snippet with the provided imports and initialization, the lines with # uncovered are not executed.

# begin code snippet
#: Optionally the import path for the Flask application.
self.app_import_path = app_import_path # uncovered
#: Optionally a function that is passed the script info to create
#: the instance of the application.
self.create_app = create_app # uncovered
#: A dictionary with arbitrary data that can be associated with
#: this script info.
self.data: t.Dict[t.Any, t.Any] = {} # uncovered
self.set_debug_flag = set_debug_flag # uncovered
self._loaded_app: Flask | None = None # uncovered

# end code snippet

Please, provide self-contained and concrete Python modified values of the imports and initialization to execute one of the uncovered paths in the code snippet.
Respond strictly with JSON. The JSON should be compatible with the TypeScript type `Response` from the following:

```ts
interface Response {
// Python import statements needed in the initialization code. One string per import.
imports: string[];
// Python code to initialize the undefined variables and make the code snippet executable. One string per undefined variable. The statements in the code snippet above are not part of the initialization of undefined variables. Therefore, their copy or modified versions should not be added here. The values should be self-contained and concrete, i.e. without assumptions or expected replacements of any code that is not present in the code snippet. In case there are undefined attributes or methods and the attribute or method base is not initialized, initialize the attribute or method base using type(""Mock"", bases, dict), where bases is a tuple containing the base classes that the Mock object inherits from, e.g. object, and dict is a dictionary containing the initialization of the undefined attributes and methods in the code snippet.
initialization: string[];
}
```","[
    {
        ""imports"": [
            ""from flask import Flask"",
            ""import typing as t""
        ],
        ""initialization"": [
            ""app_import_path = 'my_flask_app'"",
            ""def create_app(script_info): return Flask(__name__)"",
            ""set_debug_flag = True"",
            ""self = type('Mock', (object,), {'data': {}})()"",
            ""self.app_import_path = app_import_path"",
            ""self.create_app = create_app"",
            ""self.set_debug_flag = set_debug_flag"",
            ""self._loaded_app = None""
        ]
    },
    {
        ""imports"": [
            ""from flask import Flask"",
            ""import typing as t""
        ],
        ""initialization"": [
            ""app_import_path = 'example_app_path'"",
            ""def create_app(script_info): return Flask(__name__)"",
            ""set_debug_flag = True"",
            ""type_ = type('Mock', (object,), {'app_import_path': app_import_path, 'create_app': create_app, 'data': {}, 'set_debug_flag': set_debug_flag, '_loaded_app': None})"",
            ""self = type_()""
        ]
    },
    {
        ""imports"": [
            ""from flask import Flask"",
            ""import typing as t""
        ],
        ""initialization"": [
            ""app_import_path = 'my_flask_app'"",
            ""def create_app(script_info): return Flask(__name__)"",
            ""set_debug_flag = True"",
            ""Mock = type('Mock', (object,), {'__init__': lambda self: None})"",
            ""self = Mock()"",
            ""self.app_import_path = app_import_path""
        ]
    },
    {
        ""imports"": [
            ""from flask import Flask"",
            ""import typing as t""
        ],
        ""initialization"": [
            ""app_import_path = 'example.app.path'"",
            ""def create_app(script_info): return Flask(__name__)"",
            ""set_debug_flag = True"",
            ""Mock = type('Mock', (object,), {})"",
            ""self = Mock()"",
            ""self.app_import_path = app_import_path"",
            ""self.create_app = create_app"",
            ""self.data = {}"",
            ""self.set_debug_flag = set_debug_flag"",
            ""self._loaded_app = None"",
            ""self.app_import_path""
        ]
    },
    {
        ""imports"": [
            ""from flask import Flask"",
            ""import typing as t""
        ],
        ""initialization"": [
            ""app_import_path = 'example.app.path'"",
            ""def create_app(script_info): return Flask(__name__)"",
            ""set_debug_flag = True"",
            ""self = type('Mock', (object,), {})()"",
            ""self.app_import_path = app_import_path"",
            ""self.create_app = create_app"",
            ""self.data = {}"",
            ""self.set_debug_flag = set_debug_flag"",
            ""self._loaded_app = None""
        ]
    },
    {
        ""imports"": [
            ""from flask import Flask"",
            ""import typing as t""
        ],
        ""initialization"": [
            ""app_import_path = 'example.app.path'"",
            ""def create_app(script_info): return Flask(__name__)"",
            ""set_debug_flag = True"",
            ""class MockSelf:"",
            ""    def __init__(self):"",
            ""        self.app_import_path = None"",
            ""        self.create_app = None"",
            ""        self.data = {}"",
            ""        self.set_debug_flag = False"",
            ""        self._loaded_app = None"",
            ""self = MockSelf()"",
            ""self.app_import_path = app_import_path""
        ]
    },
    {
        ""imports"": [
            ""from flask import Flask"",
            ""import typing as t""
        ],
        ""initialization"": [
            ""app_import_path = 'example.app.path'"",
            ""def create_app(script_info): return Flask(__name__)"",
            ""set_debug_flag = True"",
            ""self = type('Mock', (object,), {})()"",
            ""self.app_import_path = app_import_path"",
            ""self.create_app = create_app"",
            ""self.data = {}"",
            ""self.set_debug_flag = set_debug_flag"",
            ""self._loaded_app = None"",
            ""result = self.app_import_path""
        ]
    },
    {
        ""imports"": [
            ""from flask import Flask"",
            ""import typing as t""
        ],
        ""initialization"": [
            ""app_import_path = 'example.app.path'"",
            ""def create_app(script_info): return Flask(__name__)"",
            ""set_debug_flag = True"",
            ""class MockSelf:"",
            ""    def __init__(self):"",
            ""        self.app_import_path = app_import_path"",
            ""        self.create_app = create_app"",
            ""        self.data = {}"",
            ""        self.set_debug_flag = set_debug_flag"",
            ""        self._loaded_app = None"",
            ""self = MockSelf()"",
            ""self.create_app""
        ]
    },
    {
        ""imports"": [
            ""from flask import Flask"",
            ""import typing as t""
        ],
        ""initialization"": [
            ""app_import_path = 'example.app.path'"",
            ""def create_app(script_info): return Flask(__name__)"",
            ""set_debug_flag = True"",
            ""class MockSelf:"",
            ""    app_import_path: t.Optional[str]"",
            ""    create_app: t.Optional[t.Callable[[t.Any], Flask]]"",
            ""    data: t.Dict[t.Any, t.Any]"",
            ""    set_debug_flag: bool"",
            ""    _loaded_app: t.Optional[Flask]"",
            ""self = MockSelf()"",
            ""self.app_import_path = app_import_path"",
            ""self.create_app = create_app"",
            ""self.data = {}"",
            ""self.set_debug_flag = set_debug_flag"",
            ""self._loaded_app = None"",
            ""self.app_import_path""
        ]
    },
    {
        ""imports"": [
            ""from flask import Flask"",
            ""import typing as t""
        ],
        ""initialization"": [
            ""app_import_path = 'example.app.path'"",
            ""def create_app(script_info): return Flask(__name__)"",
            ""set_debug_flag = True"",
            ""class MockSelf:"",
            ""    app_import_path: str"",
            ""    create_app: t.Callable"",
            ""    data: t.Dict[t.Any, t.Any]"",
            ""    set_debug_flag: bool"",
            ""    _loaded_app: t.Optional[Flask]"",
            ""    def __init__(self):"",
            ""        self.app_import_path = app_import_path"",
            ""        self.create_app = create_app"",
            ""        self.data = {}"",
            ""        self.set_debug_flag = set_debug_flag"",
            ""        self._loaded_app = None"",
            ""self = MockSelf()"",
            ""result = self.app_import_path""
        ]
    }
]","[
    {
        ""imports"": [
            ""from flask import Flask # pragma: no cover"",
            ""import typing as t # pragma: no cover""
        ],
        ""initialization"": [
            ""def create_app(script_info): return Flask(__name__) # pragma: no cover"",
            ""set_debug_flag = True # pragma: no cover"",
            ""self = type('Mock', (object,), {'data': {}})() # pragma: no cover"",
            ""self.create_app = create_app # pragma: no cover"",
            ""self.set_debug_flag = set_debug_flag # pragma: no cover"",
            ""self._loaded_app = None # pragma: no cover""
        ]
    },
    {
        ""imports"": [
            ""from flask import Flask # pragma: no cover"",
            ""import typing as t # pragma: no cover""
        ],
        ""initialization"": [
            ""def create_app(script_info): return Flask(__name__) # pragma: no cover"",
            ""set_debug_flag = True # pragma: no cover"",
            ""self = type_() # pragma: no cover""
        ]
    },
    {
        ""imports"": [
            ""from flask import Flask # pragma: no cover"",
            ""import typing as t # pragma: no cover""
        ],
        ""initialization"": [
            ""def create_app(script_info): return Flask(__name__) # pragma: no cover"",
            ""set_debug_flag = True # pragma: no cover"",
            ""Mock = type('Mock', (object,), {'__init__': lambda self: None}) # pragma: no cover"",
            ""self = Mock() # pragma: no cover""
        ]
    },
    {
        ""imports"": [
            ""from flask import Flask # pragma: no cover"",
            ""import typing as t # pragma: no cover""
        ],
        ""initialization"": [
            ""def create_app(script_info): return Flask(__name__) # pragma: no cover"",
            ""set_debug_flag = True # pragma: no cover"",
            ""Mock = type('Mock', (object,), {}) # pragma: no cover"",
            ""self = Mock() # pragma: no cover"",
            ""self.create_app = create_app # pragma: no cover"",
            ""self.data = {} # pragma: no cover"",
            ""self.set_debug_flag = set_debug_flag # pragma: no cover"",
            ""self._loaded_app = None # pragma: no cover""
        ]
    },
    {
        ""imports"": [
            ""from flask import Flask # pragma: no cover"",
            ""import typing as t # pragma: no cover""
        ],
        ""initialization"": [
            ""def create_app(script_info): return Flask(__name__) # pragma: no cover"",
            ""set_debug_flag = True # pragma: no cover"",
            ""self = type('Mock', (object,), {})() # pragma: no cover"",
            ""self.create_app = create_app # pragma: no cover"",
            ""self.data = {} # pragma: no cover"",
            ""self.set_debug_flag = set_debug_flag # pragma: no cover"",
            ""self._loaded_app = None # pragma: no cover""
        ]
    },
    {
        ""imports"": [
            ""from flask import Flask # pragma: no cover"",
            ""import typing as t # pragma: no cover""
        ],
        ""initialization"": [
            ""def create_app(script_info): return Flask(__name__) # pragma: no cover"",
            ""set_debug_flag = True # pragma: no cover"",
            ""class MockSelf: # pragma: no cover"",
            ""    def __init__(self): # pragma: no cover"",
            ""        self.create_app = None # pragma: no cover"",
            ""        self.data = {} # pragma: no cover"",
            ""        self.set_debug_flag = False # pragma: no cover"",
            ""        self._loaded_app = None # pragma: no cover"",
            ""self = MockSelf() # pragma: no cover""
        ]
    },
    {
        ""imports"": [
            ""from flask import Flask # pragma: no cover"",
            ""import typing as t # pragma: no cover""
        ],
        ""initialization"": [
            ""def create_app(script_info): return Flask(__name__) # pragma: no cover"",
            ""set_debug_flag = True # pragma: no cover"",
            ""self = type('Mock', (object,), {})() # pragma: no cover"",
            ""self.create_app = create_app # pragma: no cover"",
            ""self.data = {} # pragma: no cover"",
            ""self.set_debug_flag = set_debug_flag # pragma: no cover"",
            ""self._loaded_app = None # pragma: no cover""
        ]
    },
    {
        ""imports"": [
            ""from flask import Flask # pragma: no cover"",
            ""import typing as t # pragma: no cover""
        ],
        ""initialization"": [
            ""def create_app(script_info): return Flask(__name__) # pragma: no cover"",
            ""set_debug_flag = True # pragma: no cover"",
            ""class MockSelf: # pragma: no cover"",
            ""    def __init__(self): # pragma: no cover"",
            ""        self.create_app = create_app # pragma: no cover"",
            ""        self.data = {} # pragma: no cover"",
            ""        self.set_debug_flag = set_debug_flag # pragma: no cover"",
            ""        self._loaded_app = None # pragma: no cover"",
            ""self = MockSelf() # pragma: no cover"",
            ""self.create_app # pragma: no cover""
        ]
    },
    {
        ""imports"": [
            ""from flask import Flask # pragma: no cover"",
            ""import typing as t # pragma: no cover""
        ],
        ""initialization"": [
            ""def create_app(script_info): return Flask(__name__) # pragma: no cover"",
            ""set_debug_flag = True # pragma: no cover"",
            ""class MockSelf: # pragma: no cover"",
            ""    create_app: t.Optional[t.Callable[[t.Any], Flask]] # pragma: no cover"",
            ""    data: t.Dict[t.Any, t.Any] # pragma: no cover"",
            ""    set_debug_flag: bool # pragma: no cover"",
            ""    _loaded_app: t.Optional[Flask] # pragma: no cover"",
            ""self = MockSelf() # pragma: no cover"",
            ""self.create_app = create_app # pragma: no cover"",
            ""self.data = {} # pragma: no cover"",
            ""self.set_debug_flag = set_debug_flag # pragma: no cover"",
            ""self._loaded_app = None # pragma: no cover""
        ]
    },
    {
        ""imports"": [
            ""from flask import Flask # pragma: no cover"",
            ""import typing as t # pragma: no cover""
        ],
        ""initialization"": [
            ""def create_app(script_info): return Flask(__name__) # pragma: no cover"",
            ""set_debug_flag = True # pragma: no cover"",
            ""class MockSelf: # pragma: no cover"",
            ""    create_app: t.Callable # pragma: no cover"",
            ""    data: t.Dict[t.Any, t.Any] # pragma: no cover"",
            ""    set_debug_flag: bool # pragma: no cover"",
            ""    _loaded_app: t.Optional[Flask] # pragma: no cover"",
            ""    def __init__(self): # pragma: no cover"",
            ""        self.create_app = create_app # pragma: no cover"",
            ""        self.data = {} # pragma: no cover"",
            ""        self.set_debug_flag = set_debug_flag # pragma: no cover"",
            ""        self._loaded_app = None # pragma: no cover"",
            ""self = MockSelf() # pragma: no cover""
        ]
    }
]",3,10867,0.0054335,1487,0.0022305,0.007664
